 0 
 0 
 0 
 0 
 0 
 0 
 0 
 0 
 0 
 0 
 0 
 0 
 0 
 0 
 0 
 0 
 0 
 0 
 0 
 0 
 0 
 0 
 0 
 0 
 0 
 0 
 0 
 0 
 0 
 0 
 0 
 0 
 0 
 0 
 0 
 0 
 0 
 0 
 0 
 0 
 0 
 0 
 0 
 0 
 0 
 0.0004672551345 
 0.001845629676 
 0.005032826172 
 0.011031959037 
 0.015707925651 
 0.015828083931 
 0.01495549869 
 0.0158800663065 
 0.0209889293955 
 0.0288208873425 
 0.033134725404 
 0.0352420438755 
 0.0393638296425 
 0.044067103674 
 0.047721550602 
 0.0507714011805 
 0.054338139273 
 0.059389038093 
 0.066125472798 
 0.0751465541145 
 0.101647330785 
 0.144739919709 
 0.1622382379035 
 0.1377215265525 
 0.1639001409045 
 0.184341171366 
 0.2008578370425 
 0.305004439674 
 0.3354207498345 
 0.507194997507 
 0.4089235867695 
 0.3918498388035 
 0.4234053788085 
 0.3447227469015 
 0.375911585016 
 0.4974993852015 
 0.4746277513065 
 0.379963526745 
 0.5092560759825 
 0.6020155131045 
 0.586246630827 
 0.6841744844385 
 0.7487439319635 
 0.787013486721 
 0.876279045345 
 0.8525019968025 
 0.9631876467015 
 0.754351682337 
 0.303091980576 
 0.7745227328685 
 0.8638912016295 
 0.8751244308015 
 0.8828645044065 
 0.8957539120695 
 0.9167369247795 
 0.743370475188 
 0.9891389083455 
 0.466738808151 
 0.1567332061185 
 0.684584241165 
 1.0381179494565 
 1.064930466765 
 1.0810220841255 
 1.098697249551 
 1.120370547879 
 1.1415731751765 
 1.1589354641535 
 1.177502125767 
 1.1597763871485 
 1.2351075679965 
 1.267427485896 
 1.263469401051 
 1.198982031588 
 1.393502936694 
 0.748601279118 
 0.9841430030685 
 1.4243092552755 
 1.258242139044 
 0.8559898172265 
 0.6128738853105 
 1.4402412845205 
 1.3008185116575 
 0.850882175847 
 1.4799091593165 
 1.3542349709625 
 1.2297624983325 
 1.4793875279205 
 1.0024820545905 
 0.2998896210255 
 0.2812543966485 
 1.166133057672 
 1.4367619022625 
 1.4580617537475 
 1.499017023504 
 1.491472081704 
 1.3698585669945 
 0.3784450415295 
 0.650160806922 
 0.862985671614 
 0.521310800241 
 0.9629968267755 
 1.2199448978475 
 0.580893312351 
 0.623877955701 
 0.542300501787 
 0.710691763122 
 0.9208971111615 
 1.442045350053 
 1.260013524396 
 0.5263692515895 
 0.3976711720245 
 0.8732323291395 
 1.57034658627 
 1.4944205532795 
 1.4106531018525 
 1.4194033658805 
 1.3844321248725 
 1.5023806324065 
 1.478246823999 
 1.3763319802155 
 1.0506357141555 
 1.3732899329655 
 1.372968778236 
 1.3212841064115 
 1.3385485727295 
 1.0279798641915 
 0.82286429775 
 1.297298881329 
 1.31084624649 
 1.1752018474185 
 1.341896570586 
 1.021261343817 
 0.9660520773915 
 0.8700339519795 
 1.0631320110015 
 1.01928534015 
 0.4003293755175 
 0.325825241214 
 0.3161944650975 
 0.3881590578525 
 0.6794565458175 
 1.043773140531 
 0.8246057372685 
 0.6148708125945 
 0.558334774041 
 0.691219768371 
 1.0529898652845 
 0.986764181271 
 0.659419398033 
 0.599413690392 
 0.649701930702 
 0.764780496216 
 0.7809759617055 
 0.476483729931 
 0.6734079207075 
 0.3541483125015 
 0.4196192694045 
 0.4057477684425 
 0.3690324447975 
 0.2984920160805 
 0.2251833992925 
 0.170418226308 
 0.1395643328475 
 0.1302793074165 
 0.1340665705005 
 0.147474971457 
 0.17116135047 
 0.1969089082785 
 0.223362571542 
 0.231106610922 
 0.2239627400175 
 0.284415264474 
 0.309453983421 
 0.538675570884 
 0.4573551960615 
 0.231783826725 
 0.2186605076205 
 0.132171499053 
 0.0999263251965 
 0.0892001358765 
 0.1039006606275 
 0.095094296088 
 0.092003849454 
 0.1066790838465 
 0.092137560966 
 0.0653897519385 
 0.0500824999785 
 0.045708601587 
 0.0411026103675 
 0.0333598162095 
 0.0240227033805 
 0.0177294272595 
 0.0112640383845 
 0.0091832416995 
 0.009269810022 
 0.0102871504395 
 0.0089200101705 
 0.0047141042025 
 0.0035937235455 
 0.0034789449255 
 0.003221324106 
 0.002170487781 
 0.001144508244 
 0.000107111664 
 0 
 0 
 0 
 0 
 0 
 0 
 0 
 0 
 0 
 0 
 0 
 0 
 0 
 0 
 0 
 0 
 0 
 0 
 0 
 0 
 0 
 0 
 0 
 0 
 0 
 0 
 0 
 0 
 0 
 0 
 0 
 0 
 0 
 0 
 0 
 0 
 0 
 0 
 0 
