 0 
 0 
 0 
 0 
 0 
 0 
 0 
 0 
 0 
 0 
 0 
 0 
 0 
 0 
 0 
 0 
 0 
 0 
 0 
 0 
 0 
 0 
 0 
 0 
 0 
 0 
 0 
 0 
 0 
 0 
 0 
 0 
 0 
 0 
 0 
 0 
 0 
 0 
 0 
 0 
 0 
 0 
 0 
 0 
 0 
 0.00074336044125 
 0.00293622903 
 0.00800676891 
 0.0175508439225 
 0.0249898817175 
 0.0251810426175 
 0.023792838825 
 0.02526374185125 
 0.03339147858375 
 0.04585141168125 
 0.05271433587 
 0.05606688798375 
 0.06262427443125 
 0.070106755845 
 0.075920648685 
 0.08077268369625 
 0.0864470397525 
 0.0944825606025 
 0.105199615815 
 0.11955133609125 
 0.1617116626125 
 0.2302680540825 
 0.25810628757375 
 0.21910242860625 
 0.26075022416625 
 0.293270045355 
 0.31954655893125 
 0.485234335845 
 0.53362392019125 
 0.8069011323975 
 0.65056025167875 
 0.62339747082375 
 0.67359946628625 
 0.54842255188875 
 0.59804115798 
 0.79147629463875 
 0.75508960435125 
 0.6044874289125 
 0.81018012088125 
 0.95775195266625 
 0.9326650944975 
 1.08845940706125 
 1.19118352812375 
 1.2520669106925 
 1.3940802994125 
 1.35625317673125 
 1.53234398338875 
 1.2001049491725 
 0.48219178728 
 1.23219525683625 
 1.37437236622875 
 1.39224341263875 
 1.40455716610125 
 1.42506304192875 
 1.45844510760375 
 1.18263484689 
 1.57363008145875 
 0.7425390129675 
 0.24934828246125 
 1.0891112927625 
 1.65155128322625 
 1.6942075607625 
 1.71980786110875 
 1.7479274424675 
 1.7824076898075 
 1.81613914232625 
 1.84376096569875 
 1.8732988364475 
 1.84509879773625 
 1.96494385817625 
 2.01636190938 
 2.0100649562175 
 1.90747141389 
 2.216936490195 
 1.190956580415 
 1.56568205033625 
 2.26594654248375 
 2.00174885757 
 1.36180198195125 
 0.97502663572125 
 2.29129295264625 
 2.06948399581875 
 1.3536761888475 
 2.35440093527625 
 2.15446472653125 
 1.95644033825625 
 2.35357106714625 
 1.59485781412125 
 0.47709712435875 
 0.44745017648625 
 1.85521168266 
 2.28575757178125 
 2.31964369914375 
 2.38479981012 
 2.37279649362 
 2.17932044749125 
 0.60207165697875 
 1.034346738285 
 1.372931750295 
 0.8293580912925 
 1.53204040623375 
 1.94082142839375 
 0.9241484514675 
 0.9925331113425 
 0.8627507982975 
 1.130645986785 
 1.46506358593875 
 2.2941630569025 
 2.00456697063 
 0.83740562752875 
 0.63265868276625 
 1.38923325090375 
 2.498278659975 
 2.37748724385375 
 2.24422084385625 
 2.25814171844625 
 2.20250565320625 
 2.39015100610125 
 2.3517563109075 
 2.18961905943375 
 1.67146590888375 
 2.18477943880875 
 2.18426851083 
 2.10204289656375 
 2.12950909297875 
 1.63542251121375 
 1.309102291875 
 2.0638845839325 
 2.085437210325 
 1.86963930271125 
 2.134835453205 
 1.6247339560725 
 1.53690103221375 
 1.38414492360375 
 1.69134638113875 
 1.621590313875 
 0.63688764286875 
 0.518358338295 
 0.50303664901875 
 0.61752577385625 
 1.08095359561875 
 1.6605481781175 
 1.31187276383625 
 0.97820356549125 
 0.8882598677925 
 1.0996678133175 
 1.67521114931625 
 1.5698521065675 
 1.0490763150525 
 0.95361268926 
 1.033616707935 
 1.21669624398 
 1.24246175725875 
 0.7580422976175 
 1.07133078294375 
 0.56341776988875 
 0.66757611041625 
 0.64550781343125 
 0.58709707126875 
 0.47487366194625 
 0.35824631705625 
 0.27111990549 
 0.22203416589375 
 0.20726253452625 
 0.21328772579625 
 0.2346192727725 
 0.272302148475 
 0.31326417226125 
 0.355349545635 
 0.367669608285 
 0.35630435911875 
 0.452478829845 
 0.4923131554425 
 0.85698386277 
 0.72761053918875 
 0.3687469970625 
 0.34786898939625 
 0.2102728394025 
 0.15897369917625 
 0.14190930707625 
 0.16529650554375 
 0.15128638014 
 0.146369760495 
 0.16971672430125 
 0.146582483355 
 0.10402915081125 
 0.07967670451125 
 0.0727182297975 
 0.06539051649375 
 0.05307243487875 
 0.03821793719625 
 0.02820590700375 
 0.01792006106625 
 0.01460970270375 
 0.014747425035 
 0.01636592115375 
 0.01419092527125 
 0.00749971123125 
 0.00571728745875 
 0.00553468510875 
 0.005124833805 
 0.0034530487425 
 0.00182080857 
 0.00017040492 
 0 
 0 
 0 
 0 
 0 
 0 
 0 
 0 
 0 
 0 
 0 
 0 
 0 
 0 
 0 
 0 
 0 
 0 
 0 
 0 
 0 
 0 
 0 
 0 
 0 
 0 
 0 
 0 
 0 
 0 
 0 
 0 
 0 
 0 
 0 
 0 
 0 
 0 
 0 
