 0 
 0 
 0 
 0 
 0 
 0 
 0 
 0 
 0 
 0 
 0 
 0 
 0 
 0 
 0 
 0 
 0 
 0 
 0 
 0 
 0 
 0 
 0 
 0 
 0 
 0 
 0 
 0 
 0 
 0 
 0 
 0 
 0 
 0 
 0 
 0 
 0 
 0 
 0 
 0 
 0 
 0 
 0 
 0 
 0 
 0.00104070461775 
 0.004110720642 
 0.011209476474 
 0.0245711814915 
 0.0349858344045 
 0.0352534596645 
 0.033309974355 
 0.03536923859175 
 0.04674807001725 
 0.06419197635375 
 0.073800070218 
 0.07849364317725 
 0.08767398420375 
 0.098149458183 
 0.106288908159 
 0.11308175717475 
 0.1210258556535 
 0.1322755848435 
 0.147279462141 
 0.16737187052775 
 0.2263963276575 
 0.3223752757155 
 0.36134880260325 
 0.30674340004875 
 0.36505031383275 
 0.410578063497 
 0.44736518250375 
 0.679328070183 
 0.74707348826775 
 1.1296615853565 
 0.91078435235025 
 0.87275645915325 
 0.94303925280075 
 0.76779157264425 
 0.837257621172 
 1.10806681249425 
 1.05712544609175 
 0.8462824004775 
 1.13425216923375 
 1.34085273373275 
 1.3057311322965 
 1.52384316988575 
 1.66765693937325 
 1.7528936749695 
 1.9517124191775 
 1.89875444742375 
 2.14528157674425 
 1.6801469288415 
 0.675068502192 
 1.72507335957075 
 1.92412131272025 
 1.94914077769425 
 1.96638003254175 
 1.99508825870025 
 2.04182315064525 
 1.655688785646 
 2.20308211404225 
 1.0395546181545 
 0.34908759544575 
 1.5247558098675 
 2.31217179651675 
 2.3718905850675 
 2.40773100555225 
 2.4470984194545 
 2.4953707657305 
 2.54259479925675 
 2.58126535197825 
 2.6226183710265 
 2.58313831683075 
 2.75092140144675 
 2.822906673132 
 2.8140909387045 
 2.670459979446 
 3.103711086273 
 1.667339212581 
 2.19195487047075 
 3.17232515947725 
 2.802448400598 
 1.90652277473175 
 1.36503729000975 
 3.20781013370475 
 2.89727759414625 
 1.8951466643865 
 3.29616130938675 
 3.01625061714375 
 2.73901647355875 
 3.29499949400475 
 2.23280093976975 
 0.66793597410225 
 0.62643024708075 
 2.597296355724 
 3.20006060049375 
 3.24750117880125 
 3.338719734168 
 3.321915091068 
 3.05104862648775 
 0.84290031977025 
 1.448085433599 
 1.922104450413 
 1.1611013278095 
 2.14485656872725 
 2.71714999975125 
 1.2938078320545 
 1.3895463558795 
 1.2078511176165 
 1.582904381499 
 2.05108902031425 
 3.2118282796635 
 2.806393758882 
 1.17236787854025 
 0.88572215587275 
 1.94492655126525 
 3.497590123965 
 3.32848214139525 
 3.14190918139875 
 3.16139840582475 
 3.08350791448875 
 3.34621140854175 
 3.2924588352705 
 3.06546668320725 
 2.34005227243725 
 3.05869121433225 
 3.057975915162 
 2.94286005518925 
 2.98131273017025 
 2.28959151569925 
 1.832743208625 
 2.8894384175055 
 2.919612094455 
 2.61749502379575 
 2.988769634487 
 2.2746275385015 
 2.15166144509925 
 1.93780289304525 
 2.36788493359425 
 2.270226439425 
 0.89164270001625 
 0.725701673613 
 0.70425130862625 
 0.86453608339875 
 1.51333503386625 
 2.3247674493645 
 1.83662186937075 
 1.36948499168775 
 1.2435638149095 
 1.5395349386445 
 2.34529560904275 
 2.1977929491945 
 1.4687068410735 
 1.335057764964 
 1.447063391109 
 1.703374741572 
 1.73944646016225 
 1.0612592166645 
 1.49986309612125 
 0.78878487784425 
 0.93460655458275 
 0.90371093880375 
 0.82193589977625 
 0.66482312672475 
 0.50154484387875 
 0.379567867686 
 0.31084783225125 
 0.29016754833675 
 0.29860281611475 
 0.3284669818815 
 0.381223007865 
 0.43856984116575 
 0.497489363889 
 0.514737451599 
 0.49882610276625 
 0.633470361783 
 0.6892384176195 
 1.199777407878 
 1.01865475486425 
 0.5162457958875 
 0.48701658515475 
 0.2943819751635 
 0.22256317884675 
 0.19867302990675 
 0.23141510776125 
 0.211800932196 
 0.204917664693 
 0.23760341402175 
 0.205215476697 
 0.14564081113575 
 0.11154738631575 
 0.1018055217165 
 0.09154672309125 
 0.07430140883025 
 0.05350511207475 
 0.03948826980525 
 0.02508808549275 
 0.02045358378525 
 0.020646395049 
 0.02291228961525 
 0.01986729537975 
 0.01049959572375 
 0.00800420244225 
 0.00774855915225 
 0.007174767327 
 0.0048342682395 
 0.002549131998 
 0.000238566888 
 0 
 0 
 0 
 0 
 0 
 0 
 0 
 0 
 0 
 0 
 0 
 0 
 0 
 0 
 0 
 0 
 0 
 0 
 0 
 0 
 0 
 0 
 0 
 0 
 0 
 0 
 0 
 0 
 0 
 0 
 0 
 0 
 0 
 0 
 0 
 0 
 0 
 0 
 0 
