 0 
 0 
 0 
 0 
 0 
 0 
 0 
 0 
 0 
 0 
 0 
 0 
 0 
 0 
 0 
 0 
 0 
 0 
 0 
 0 
 0 
 0 
 0 
 0 
 0 
 0 
 0 
 0 
 0 
 0 
 0 
 0 
 0 
 0 
 0 
 0 
 0 
 0 
 0 
 0 
 0 
 0 
 0 
 0 
 0 
 0.000594688353 
 0.002348983224 
 0.006405415128 
 0.014040675138 
 0.019991905374 
 0.020144834094 
 0.01903427106 
 0.020210993481 
 0.026713182867 
 0.036681129345 
 0.042171468696 
 0.044853510387 
 0.050099419545 
 0.056085404676 
 0.060736518948 
 0.064618146957 
 0.069157631802 
 0.075586048482 
 0.084159692652 
 0.095641068873 
 0.12936933009 
 0.184214443266 
 0.206485030059 
 0.175281942885 
 0.208600179333 
 0.234616036284 
 0.255637247145 
 0.388187468676 
 0.426899136153 
 0.645520905918 
 0.520448201343 
 0.498717976659 
 0.538879573029 
 0.438738041511 
 0.478432926384 
 0.633181035711 
 0.604071683481 
 0.48358994313 
 0.648144096705 
 0.766201562133 
 0.746132075598 
 0.870767525649 
 0.952946822499 
 1.001653528554 
 1.11526423953 
 1.085002541385 
 1.225875186711 
 0.960083959338 
 0.385753429824 
 0.985756205469 
 1.099497892983 
 1.113794730111 
 1.123645732881 
 1.140050433543 
 1.166756086083 
 0.946107877512 
 1.258904065167 
 0.594031210374 
 0.199478625969 
 0.87128903421 
 1.321241026581 
 1.35536604861 
 1.375846288887 
 1.398341953974 
 1.425926151846 
 1.452911313861 
 1.475008772559 
 1.498639069158 
 1.476079038189 
 1.571955086541 
 1.613089527504 
 1.608051964974 
 1.525977131112 
 1.773549192156 
 0.952765264332 
 1.252545640269 
 1.812757233987 
 1.601399086056 
 1.089441585561 
 0.780021308577 
 1.833034362117 
 1.655587196655 
 1.082940951078 
 1.883520748221 
 1.723571781225 
 1.565152270605 
 1.882856853717 
 1.275886251297 
 0.381677699487 
 0.357960141189 
 1.484169346128 
 1.828606057425 
 1.855714959315 
 1.907839848096 
 1.898237194896 
 1.743456357993 
 0.481657325583 
 0.827477390628 
 1.098345400236 
 0.663486473034 
 1.225632324987 
 1.552657142715 
 0.739318761174 
 0.794026489074 
 0.690200638638 
 0.904516789428 
 1.172050868751 
 1.835330445522 
 1.603653576504 
 0.669924502023 
 0.506126946213 
 1.111386600723 
 1.99862292798 
 1.901989795083 
 1.795376675085 
 1.806513374757 
 1.762004522565 
 1.912120804881 
 1.881405048726 
 1.751695247547 
 1.337172727107 
 1.747823551047 
 1.747414808664 
 1.681634317251 
 1.703607274383 
 1.308338008971 
 1.0472818335 
 1.651107667146 
 1.66834976826 
 1.495711442169 
 1.707868362564 
 1.299787164858 
 1.229520825771 
 1.107315938883 
 1.353077104911 
 1.2972722511 
 0.509510114295 
 0.414686670636 
 0.402429319215 
 0.494020619085 
 0.864762876495 
 1.328438542494 
 1.049498211069 
 0.782562852393 
 0.710607894234 
 0.879734250654 
 1.340168919453 
 1.255881685254 
 0.839261052042 
 0.762890151408 
 0.826893366348 
 0.973356995184 
 0.993969405807 
 0.606433838094 
 0.857064626355 
 0.450734215911 
 0.534060888333 
 0.516406250745 
 0.469677657015 
 0.379898929557 
 0.286597053645 
 0.216895924392 
 0.177627332715 
 0.165810027621 
 0.170630180637 
 0.187695418218 
 0.21784171878 
 0.250611337809 
 0.284279636508 
 0.294135686628 
 0.285043487295 
 0.361983063876 
 0.393850524354 
 0.685587090216 
 0.582088431351 
 0.29499759765 
 0.278295191517 
 0.168218271522 
 0.127178959341 
 0.113527445661 
 0.132237204435 
 0.121029104112 
 0.117095808396 
 0.135773379441 
 0.117265986684 
 0.083223320649 
 0.063741363609 
 0.058174583838 
 0.052312413195 
 0.042457947903 
 0.030574349757 
 0.022564725603 
 0.014336048853 
 0.011687762163 
 0.011797940028 
 0.013092736923 
 0.011352740217 
 0.005999768985 
 0.004573829967 
 0.004427748087 
 0.004099867044 
 0.002762438994 
 0.001456646856 
 0.000136323936 
 0 
 0 
 0 
 0 
 0 
 0 
 0 
 0 
 0 
 0 
 0 
 0 
 0 
 0 
 0 
 0 
 0 
 0 
 0 
 0 
 0 
 0 
 0 
 0 
 0 
 0 
 0 
 0 
 0 
 0 
 0 
 0 
 0 
 0 
 0 
 0 
 0 
 0 
 0 
