 0 
 0 
 0 
 0 
 0 
 0 
 0 
 0 
 0 
 0 
 0 
 0 
 0 
 0 
 0 
 0 
 0 
 0 
 0 
 0 
 0 
 0 
 0 
 0 
 0 
 0 
 0 
 0 
 0 
 0 
 0 
 0 
 0 
 0 
 0 
 0 
 0 
 0 
 0 
 0 
 0 
 0 
 0 
 0 
 0 
 0.0008920325295 
 0.003523474836 
 0.009608122692 
 0.021061012707 
 0.029987858061 
 0.030217251141 
 0.02855140659 
 0.0303164902215 
 0.0400697743005 
 0.0550216940175 
 0.063257203044 
 0.0672802655805 
 0.0751491293175 
 0.084128107014 
 0.091104778422 
 0.0969272204355 
 0.103736447703 
 0.113379072723 
 0.126239538978 
 0.1434616033095 
 0.194053995135 
 0.276321664899 
 0.3097275450885 
 0.2629229143275 
 0.3129002689995 
 0.351924054426 
 0.3834558707175 
 0.582281203014 
 0.6403487042295 
 0.968281358877 
 0.7806723020145 
 0.7480769649885 
 0.8083193595435 
 0.6581070622665 
 0.717649389576 
 0.9497715535665 
 0.9061075252215 
 0.725384914695 
 0.9722161450575 
 1.1493023431995 
 1.119198113397 
 1.3061512884735 
 1.4294202337485 
 1.502480292831 
 1.672896359295 
 1.6275038120775 
 1.8388127800665 
 1.440125939007 
 0.578630144736 
 1.4786343082035 
 1.6492468394745 
 1.6706920951665 
 1.6854685993215 
 1.7100756503145 
 1.7501341291245 
 1.419161816268 
 1.8883560977505 
 0.891046815561 
 0.2992179389535 
 1.306933551315 
 1.9818615398715 
 2.033049072915 
 2.0637694333305 
 2.097512930961 
 2.138889227769 
 2.1793669707915 
 2.2125131588385 
 2.247958603737 
 2.2141185572835 
 2.3579326298115 
 2.419634291256 
 2.412077947461 
 2.288965696668 
 2.660323788234 
 1.429147896498 
 1.8788184604035 
 2.7191358509805 
 2.402098629084 
 1.6341623783415 
 1.1700319628655 
 2.7495515431755 
 2.4833807949825 
 1.624411426617 
 2.8252811223315 
 2.5853576718375 
 2.3477284059075 
 2.8242852805755 
 1.9138293769455 
 0.5725165492305 
 0.5369402117835 
 2.226254019192 
 2.7429090861375 
 2.7835724389725 
 2.861759772144 
 2.847355792344 
 2.6151845369895 
 0.7224859883745 
 1.241216085942 
 1.647518100354 
 0.995229709551 
 1.8384484874805 
 2.3289857140725 
 1.108978141761 
 1.191039733611 
 1.035300957957 
 1.356775184142 
 1.7580763031265 
 2.752995668283 
 2.405480364756 
 1.0048867530345 
 0.7591904193195 
 1.6670799010845 
 2.99793439197 
 2.8529846926245 
 2.6930650126275 
 2.7097700621355 
 2.6430067838475 
 2.8681812073215 
 2.822107573089 
 2.6275428713205 
 2.0057590906605 
 2.6217353265705 
 2.621122212996 
 2.5224514758765 
 2.5554109115745 
 1.9625070134565 
 1.57092275025 
 2.476661500719 
 2.50252465239 
 2.2435671632535 
 2.561802543846 
 1.949680747287 
 1.8442812386565 
 1.6609739083245 
 2.0296156573665 
 1.94590837665 
 0.7642651714425 
 0.622030005954 
 0.6036439788225 
 0.7410309286275 
 1.2971443147425 
 1.992657813741 
 1.5742473166035 
 1.1738442785895 
 1.065911841351 
 1.319601375981 
 2.0102533791795 
 1.883822527881 
 1.258891578063 
 1.144335227112 
 1.240340049522 
 1.460035492776 
 1.4909541087105 
 0.909650757141 
 1.2855969395325 
 0.6761013238665 
 0.8010913324995 
 0.7746093761175 
 0.7045164855225 
 0.5698483943355 
 0.4298955804675 
 0.325343886588 
 0.2664409990725 
 0.2487150414315 
 0.2559452709555 
 0.281543127327 
 0.32676257817 
 0.3759170067135 
 0.426419454762 
 0.441203529942 
 0.4275652309425 
 0.542974595814 
 0.590775786531 
 1.028380635324 
 0.8731326470265 
 0.442496396475 
 0.4174427872755 
 0.252327407283 
 0.1907684390115 
 0.1702911684915 
 0.1983558066525 
 0.181543656168 
 0.175643712594 
 0.2036600691615 
 0.175898980026 
 0.1248349809735 
 0.0956120454135 
 0.087261875757 
 0.0784686197925 
 0.0636869218545 
 0.0458615246355 
 0.0338470884045 
 0.0215040732795 
 0.0175316432445 
 0.017696910042 
 0.0196391053845 
 0.0170291103255 
 0.0089996534775 
 0.0068607449505 
 0.0066416221305 
 0.006149800566 
 0.004143658491 
 0.002184970284 
 0.000204485904 
 0 
 0 
 0 
 0 
 0 
 0 
 0 
 0 
 0 
 0 
 0 
 0 
 0 
 0 
 0 
 0 
 0 
 0 
 0 
 0 
 0 
 0 
 0 
 0 
 0 
 0 
 0 
 0 
 0 
 0 
 0 
 0 
 0 
 0 
 0 
 0 
 0 
 0 
 0 
