 0 
 0 
 0 
 0 
 0 
 0 
 0 
 0 
 0 
 0 
 0 
 0 
 0 
 0 
 0 
 0 
 0 
 0 
 0 
 0 
 0 
 0 
 0 
 0 
 0 
 0 
 0 
 0 
 0 
 0 
 0 
 0 
 0 
 0 
 0 
 0 
 0 
 0 
 0 
 0 
 0 
 0 
 0 
 0 
 0 
 0.001189376706 
 0.004697966448 
 0.012810830256 
 0.028081350276 
 0.039983810748 
 0.040289668188 
 0.03806854212 
 0.040421986962 
 0.053426365734 
 0.07336225869 
 0.084342937392 
 0.089707020774 
 0.10019883909 
 0.112170809352 
 0.121473037896 
 0.129236293914 
 0.138315263604 
 0.151172096964 
 0.168319385304 
 0.191282137746 
 0.25873866018 
 0.368428886532 
 0.412970060118 
 0.35056388577 
 0.417200358666 
 0.469232072568 
 0.51127449429 
 0.776374937352 
 0.853798272306 
 1.291041811836 
 1.040896402686 
 0.997435953318 
 1.077759146058 
 0.877476083022 
 0.956865852768 
 1.266362071422 
 1.208143366962 
 0.96717988626 
 1.29628819341 
 1.532403124266 
 1.492264151196 
 1.741535051298 
 1.905893644998 
 2.003307057108 
 2.23052847906 
 2.17000508277 
 2.451750373422 
 1.920167918676 
 0.771506859648 
 1.971512410938 
 2.198995785966 
 2.227589460222 
 2.247291465762 
 2.280100867086 
 2.333512172166 
 1.892215755024 
 2.517808130334 
 1.188062420748 
 0.398957251938 
 1.74257806842 
 2.642482053162 
 2.71073209722 
 2.751692577774 
 2.796683907948 
 2.851852303692 
 2.905822627722 
 2.950017545118 
 2.997278138316 
 2.952158076378 
 3.143910173082 
 3.226179055008 
 3.216103929948 
 3.051954262224 
 3.547098384312 
 1.905530528664 
 2.505091280538 
 3.625514467974 
 3.202798172112 
 2.178883171122 
 1.560042617154 
 3.666068724234 
 3.31117439331 
 2.165881902156 
 3.767041496442 
 3.44714356245 
 3.13030454121 
 3.765713707434 
 2.551772502594 
 0.763355398974 
 0.715920282378 
 2.968338692256 
 3.65721211485 
 3.71142991863 
 3.815679696192 
 3.796474389792 
 3.486912715986 
 0.963314651166 
 1.654954781256 
 2.196690800472 
 1.326972946068 
 2.451264649974 
 3.10531428543 
 1.478637522348 
 1.588052978148 
 1.380401277276 
 1.809033578856 
 2.344101737502 
 3.670660891044 
 3.207307153008 
 1.339849004046 
 1.012253892426 
 2.222773201446 
 3.99724585596 
 3.803979590166 
 3.59075335017 
 3.613026749514 
 3.52400904513 
 3.824241609762 
 3.762810097452 
 3.503390495094 
 2.674345454214 
 3.495647102094 
 3.494829617328 
 3.363268634502 
 3.407214548766 
 2.616676017942 
 2.094563667 
 3.302215334292 
 3.33669953652 
 2.991422884338 
 3.415736725128 
 2.599574329716 
 2.459041651542 
 2.214631877766 
 2.706154209822 
 2.5945445022 
 1.01902022859 
 0.829373341272 
 0.80485863843 
 0.98804123817 
 1.72952575299 
 2.656877084988 
 2.098996422138 
 1.565125704786 
 1.421215788468 
 1.759468501308 
 2.680337838906 
 2.511763370508 
 1.678522104084 
 1.525780302816 
 1.653786732696 
 1.946713990368 
 1.987938811614 
 1.212867676188 
 1.71412925271 
 0.901468431822 
 1.068121776666 
 1.03281250149 
 0.93935531403 
 0.759797859114 
 0.57319410729 
 0.433791848784 
 0.35525466543 
 0.331620055242 
 0.341260361274 
 0.375390836436 
 0.43568343756 
 0.501222675618 
 0.568559273016 
 0.588271373256 
 0.57008697459 
 0.723966127752 
 0.787701048708 
 1.371174180432 
 1.164176862702 
 0.5899951953 
 0.556590383034 
 0.336436543044 
 0.254357918682 
 0.227054891322 
 0.26447440887 
 0.242058208224 
 0.234191616792 
 0.271546758882 
 0.234531973368 
 0.166446641298 
 0.127482727218 
 0.116349167676 
 0.10462482639 
 0.084915895806 
 0.061148699514 
 0.045129451206 
 0.028672097706 
 0.023375524326 
 0.023595880056 
 0.026185473846 
 0.022705480434 
 0.01199953797 
 0.009147659934 
 0.008855496174 
 0.008199734088 
 0.005524877988 
 0.002913293712 
 0.000272647872 
 0 
 0 
 0 
 0 
 0 
 0 
 0 
 0 
 0 
 0 
 0 
 0 
 0 
 0 
 0 
 0 
 0 
 0 
 0 
 0 
 0 
 0 
 0 
 0 
 0 
 0 
 0 
 0 
 0 
 0 
 0 
 0 
 0 
 0 
 0 
 0 
 0 
 0 
 0 
