 1.13712849955042E-02 
 1.13712849955042E-02 
 1.13712849955042E-02 
 1.13712849955042E-02 
 1.13712849955042E-02 
 1.13712849955042E-02 
 1.13712849955042E-02 
 1.13712849955042E-02 
 1.13712849955042E-02 
 1.13712849955042E-02 
 1.13712849955042E-02 
 1.51481760832967E-02 
 3.02557404344666E-02 
 3.75658522172908E-02 
 6.68062993485874E-02 
 5.54756260852099E-02 
 0.047921843909625 
 5.90494585123684E-02 
 0.046500433285187 
 3.91903215023628E-02 
 2.24988995982477E-02 
 1.13712849955042E-02 
 1.13712849955042E-02 
 1.13712849955042E-02 
 1.13712849955042E-02 
 1.13712849955042E-02 
 1.13712849955042E-02 
 4.06117321268008E-02 
 0.047921843909625 
 0.047921843909625 
 0.047921843909625 
 3.33016203439767E-02 
 1.13712849955042E-02 
 3.91903215023628E-02 
 3.91903215023628E-02 
 3.36265142009911E-02 
 1.13712849955042E-02 
 1.13712849955042E-02 
 1.13712849955042E-02 
 1.13712849955042E-02 
 1.13712849955042E-02 
 1.13712849955042E-02 
 1.13712849955042E-02 
 1.13712849955042E-02 
 1.13712849955042E-02 
 1.13712849955042E-02 
 1.13712849955042E-02 
 0.046500433285187 
 7.57408804164836E-02 
 7.01770731151118E-02 
 0.047921843909625 
 0.047921843909625 
 1.86813967783284E-02 
 1.13712849955042E-02 
 1.13712849955042E-02 
 1.13712849955042E-02 
 1.13712849955042E-02 
 1.13712849955042E-02 
 1.13712849955042E-02 
 3.02557404344666E-02 
 3.02557404344666E-02 
 3.02557404344666E-02 
 2.27019582588817E-02 
 3.36265142009911E-02 
 3.91903215023628E-02 
 3.91903215023628E-02 
 1.13712849955042E-02 
 1.13712849955042E-02 
 1.13712849955042E-02 
 1.13712849955042E-02 
 1.13712849955042E-02 
 1.13712849955042E-02 
 6.68062993485874E-02 
 6.68062993485874E-02 
 6.68062993485874E-02 
 5.92525171730024E-02 
 2.59915085611525E-02 
 2.80627068996194E-02 
 3.91903215023628E-02 
 3.91903215023628E-02 
 0.016935092296876 
 1.13712849955042E-02 
 1.13712849955042E-02 
 1.13712849955042E-02 
 1.90469023674696E-02 
 0.047312667927723 
 4.35357768399305E-02 
 5.15768998010371E-02 
 7.25325535784663E-02 
 6.01053635476652E-02 
 6.01053635476652E-02 
 0.428413162205622 
 0.644467577120203 
 0.662824080041516 
 0.833799472295348 
 0.359941781839836 
 3.57383242715847E-02 
 3.57383242715847E-02 
 3.57383242715847E-02 
 4.13021315729565E-02 
 6.35573607784433E-02 
 6.35573607784433E-02 
 0.836967187401239 
 0.741895122492398 
 0.853293103716212 
 0.775481024961262 
 7.63500563983856E-02 
 7.73653497015556E-02 
 6.27451261359073E-02 
 3.83780868598268E-02 
 2.86312711493946E-02 
 2.86312711493946E-02 
 2.86312711493946E-02 
 2.86312711493946E-02 
 2.86312711493946E-02 
 0.039758885752138 
 0.302922909933807 
 7.10705312219015E-02 
 7.63094446662588E-02 
 6.51818300635154E-02 
 7.39539642029043E-02 
 7.50098692382011E-02 
 3.33016203439767E-02 
 4.20737544833657E-02 
 0.047921843909625 
 0.047921843909625 
 0.047921843909625 
 0.047921843909625 
 0.047109609267089 
 4.69877740707086E-02 
 5.75468244236768E-02 
 5.94961875657632E-02 
 4.98305953195846E-02 
 4.23986483403801E-02 
 4.14239667693369E-02 
 5.27546400327143E-02 
 6.52224417956422E-02 
 8.76401179296362E-02 
 9.99048610319301E-02 
 7.35884586137631E-02 
 0.141856780318915 
 0.337280435313081 
 0.337280435313081 
 0.337280435313081 
 0.308039988181784 
 0.317421298303075 
 0.279692999157277 
 8.42693441631117E-02 
 0.070136461382985 
 6.45726540816133E-02 
 7.59033273449908E-02 
 0.165614643613094 
 0.247772177705612 
 0.113428567830155 
 0.106483961636472 
 9.39349364092904E-02 
 0.103194411334201 
 9.32039252310079E-02 
 0.676388398571868 
 0.676388398571868 
 0.672367837091315 
 0.669687462770946 
 6.13237155114693E-02 
 6.77809809196306E-02 
 7.09486960255211E-02 
 0.07565965695223 
 8.12234642536017E-02 
 6.23390088146393E-02 
 4.76781735168642E-02 
 4.09366259838152E-02 
 4.06117321268008E-02 
 0.047921843909625 
 0.047921843909625 
 0.047921843909625 
 3.33016203439767E-02 
 0.276728342712021 
 3.02557404344666E-02 
 0.2723016639102 
 0.627816766948214 
 0.616486093684837 
 2.80627068996194E-02 
 3.91903215023628E-02 
 3.91903215023628E-02 
 0.016935092296876 
 1.13712849955042E-02 
 3.70785114317692E-02 
 6.68062993485874E-02 
 6.68062993485874E-02 
 6.68062993485874E-02 
 4.81655143023858E-02 
 1.13712849955042E-02 
 1.13712849955042E-02 
 1.13712849955042E-02 
 1.13712849955042E-02 
 1.13712849955042E-02 
 1.13712849955042E-02 
 1.13712849955042E-02 
 1.13712849955042E-02 
 2.80627068996194E-02 
 4.67441036779478E-02 
 5.80747769413252E-02 
 3.58195477358383E-02 
 3.02557404344666E-02 
 1.51481760832967E-02 
 1.13712849955042E-02 
 3.33016203439767E-02 
 0.047921843909625 
 0.047921843909625 
 0.047921843909625 
 4.06117321268008E-02 
 1.13712849955042E-02 
 1.13712849955042E-02 
 2.27019582588817E-02 
 3.02557404344666E-02 
 3.02557404344666E-02 
 3.02557404344666E-02 
 3.91903215023628E-02 
 3.91903215023628E-02 
 3.36265142009911E-02 
 1.13712849955042E-02 
 1.13712849955042E-02 
 1.13712849955042E-02 
 0.047921843909625 
 0.047921843909625 
 6.30294082607949E-02 
 6.68062993485874E-02 
 4.48759640001149E-02 
 2.64788493466742E-02 
 1.13712849955042E-02 
 1.13712849955042E-02 
 0.622983970825125 
 0.382765575295098 
 3.16365393267779E-02 
 0.057100095370282 
 7.02582965793654E-02 
 6.19735032254981E-02 
 9.17825146065699E-02 
 0.121022961737866 
 0.285338029922903 
 0.191849822567007 
 0.102138506298904 
 5.53537908888295E-02 
 4.36576120363109E-02 
 0.076471891594766 
 8.85335760364258E-02 
 6.23796205467661E-02 
 6.44102071531061E-02 
 9.04423274463855E-02 
 9.04423274463855E-02 
 8.34571095205757E-02 
 6.83495451694058E-02 
 9.86865090681261E-02 
 0.121429079059135 
 0.122241313701671 
 0.168701135254731 
 0.147583034548794 
 0.143034520550593 
 0.789004731759487 
 0.791928776472616 
 0.750301751042645 
 0.738118231404605 
 0.128130014860057 
 0.133368928304414 
 0.12605881652159 
 0.139704358516195 
 0.159360436865567 
 0.160213283240229 
 0.126099428253717 
 0.11602771868627 
 0.110870028706166 
 0.698724851241609 
 0.703598259096825 
 0.709162066398196 
 0.727924686640778 
 0.148801386512598 
 0.164802408970558 
 0.377364214922233 
 0.12821123832431 
 1.89250671710892E-02 
 1.13712849955042E-02 
 3.33016203439767E-02 
 0.047921843909625 
 0.047921843909625 
 0.047921843909625 
 4.06117321268008E-02 
 1.13712849955042E-02 
 1.13712849955042E-02 
 1.13712849955042E-02 
