 3.10679750770026E-02 
 5.41354389250255E-02 
 7.33041764888755E-02 
 6.59940647060514E-02 
 8.62999307694518E-02 
 9.51126766409676E-02 
 0.133612598697175 
 0.149451174226627 
 0.201028074027664 
 0.189047613050258 
 0.168944805647492 
 0.166508101719883 
 0.169757040290028 
 0.138689065213025 
 0.123256607004841 
 1.20283828213159 
 0.147867316673682 
 0.170731721861071 
 0.186813967783284 
 0.165289749756079 
 0.171787626896368 
 0.210368772416828 
 0.189250671710892 
 0.162853045828471 
 1.15743436561382E-02 
 1.15743436561382E-02 
 1.15743436561382E-02 
 1.15743436561382E-02 
 1.15743436561382E-02 
 1.15743436561382E-02 
 1.15743436561382E-02 
 1.15743436561382E-02 
 1.15743436561382E-02 
 1.15743436561382E-02 
 1.15743436561382E-02 
 2.74129191855906E-02 
 5.11707824797691E-02 
 5.11707824797691E-02 
 2.74129191855906E-02 
 1.15743436561382E-02 
 1.15743436561382E-02 
 1.15743436561382E-02 
 1.15743436561382E-02 
 5.32013690861091E-02 
 5.32013690861091E-02 
 5.32013690861091E-02 
 5.32013690861091E-02 
 2.82251538281266E-02 
 2.11587124380632E-02 
 3.55352656109507E-02 
 3.55352656109507E-02 
 3.55352656109507E-02 
 1.63665280471007E-02 
 1.15743436561382E-02 
 1.15743436561382E-02 
 3.53322069503167E-02 
 5.11707824797691E-02 
 5.11707824797691E-02 
 1.94936314208644E-02 
 5.32013690861091E-02 
 5.32013690861091E-02 
 5.32013690861091E-02 
 5.32013690861091E-02 
 2.82251538281266E-02 
 1.15743436561382E-02 
 1.15743436561382E-02 
 1.15743436561382E-02 
 1.15743436561382E-02 
 1.15743436561382E-02 
 2.74129191855906E-02 
 5.11707824797691E-02 
 7.51317044345815E-02 
 5.13738411404031E-02 
 3.55352656109507E-02 
 6.75779222589966E-02 
 5.32013690861091E-02 
 5.32013690861091E-02 
 5.32013690861091E-02 
 2.82251538281266E-02 
 1.15743436561382E-02 
 0.050764665158501 
 5.13332294082763E-02 
 5.50288970318151E-02 
 5.44603327820399E-02 
 3.53322069503167E-02 
 5.11707824797691E-02 
 5.11707824797691E-02 
 1.94936314208644E-02 
 5.32013690861091E-02 
 5.32013690861091E-02 
 5.32013690861091E-02 
 5.32013690861091E-02 
 0.05649091938838 
 3.83780868598268E-02 
 5.27546400327143E-02 
 8.57313665196766E-02 
 9.28384196418667E-02 
 0.09787427442559 
 7.39133524707775E-02 
 0.105590503529682 
 5.11707824797691E-02 
 5.11707824797691E-02 
 5.32013690861091E-02 
 5.32013690861091E-02 
 5.32013690861091E-02 
 6.75779222589966E-02 
 5.21860757829391E-02 
 3.55352656109507E-02 
 0.09787427442559 
 7.39133524707775E-02 
 7.39133524707775E-02 
 6.76185339911234E-02 
 1.15743436561382E-02 
 1.15743436561382E-02 
 1.15743436561382E-02 
 2.74129191855906E-02 
 5.11707824797691E-02 
 5.11707824797691E-02 
 4.53226930535097E-02 
 7.71622910409216E-02 
 7.71622910409216E-02 
 7.71622910409216E-02 
 5.79935534770716E-02 
 1.98997487421324E-02 
 1.15743436561382E-02 
 1.15743436561382E-02 
 1.15743436561382E-02 
 1.15743436561382E-02 
 1.15743436561382E-02 
 1.15743436561382E-02 
 1.15743436561382E-02 
 1.15743436561382E-02 
 4.96681483910774E-02 
 7.71622910409216E-02 
 7.71622910409216E-02 
 7.71622910409216E-02 
 5.40542154607719E-02 
 5.11707824797691E-02 
 5.11707824797691E-02 
 3.53322069503167E-02 
 1.15743436561382E-02 
 1.15743436561382E-02 
 1.15743436561382E-02 
 1.15743436561382E-02 
 1.15743436561382E-02 
 1.15743436561382E-02 
 1.15743436561382E-02 
 1.15743436561382E-02 
 1.15743436561382E-02 
 1.15743436561382E-02 
 1.94936314208644E-02 
 5.11707824797691E-02 
 5.11707824797691E-02 
 3.53322069503167E-02 
 1.98997487421324E-02 
 5.32013690861091E-02 
 6.27857378680341E-02 
 7.71622910409216E-02 
 7.71622910409216E-02 
 4.38606706969449E-02 
 1.63665280471007E-02 
 1.15743436561382E-02 
 1.15743436561382E-02 
 1.15743436561382E-02 
 1.15743436561382E-02 
 1.94936314208644E-02 
 5.11707824797691E-02 
 5.11707824797691E-02 
 0.123662724326109 
 0.117124235453694 
 0.106402738172218 
 9.68183693902932E-02 
 8.24418162174057E-02 
 5.45009445141667E-02 
 6.76185339911234E-02 
 6.96491205974634E-02 
 7.77714670228236E-02 
 7.77714670228236E-02 
 7.77714670228236E-02 
 7.77714670228236E-02 
 1.15743436561382E-02 
 1.15743436561382E-02 
 5.32013690861091E-02 
 9.13357855531751E-02 
 0.116758729864552 
 0.116758729864552 
 6.01053635476652E-02 
 1.15743436561382E-02 
 1.15743436561382E-02 
 1.15743436561382E-02 
 1.15743436561382E-02 
 1.15743436561382E-02 
 1.15743436561382E-02 
 1.15743436561382E-02 
 1.15743436561382E-02 
 1.15743436561382E-02 
 6.76185339911234E-02 
 0.1009201543351 
 0.111519816420195 
 0.116961788525186 
 0.138892123873659 
 0.398685374288804 
 0.151400537368714 
 0.170569274932564 
 5.13738411404031E-02 
 3.55352656109507E-02 
 2.11587124380632E-02 
 1.15743436561382E-02 
 1.15743436561382E-02 
 1.15743436561382E-02 
 1.15743436561382E-02 
 1.15743436561382E-02 
 1.15743436561382E-02 
 1.15743436561382E-02 
 1.15743436561382E-02 
 3.69972879675156E-02 
 0.183361970552506 
 0.209759596434926 
 0.173818213502708 
 0.129064084698973 
 0.11692117679306 
 8.50815788056477E-02 
 8.28073218065469E-02 
 7.45225284526796E-02 
 8.02081709504317E-02 
 7.48474223096939E-02 
 5.34044277467431E-02 
 5.34044277467431E-02 
 5.34044277467431E-02 
 5.34044277467431E-02 
 7.35072351495095E-02 
 0.252929867685716 
 0.651899524099407 
 0.644711247512963 
 0.623187029485759 
 0.116961788525186 
 0.149857291547895 
 0.131297729965947 
 0.146405294317117 
 0.146405294317117 
 0.150466467529797 
 0.14421226078227 
 0.134627892000345 
 0.134627892000345 
 0.134627892000345 
 0.164071397792275 
 0.164071397792275 
 0.194773867280137 
 0.160538177097244 
 0.166670548648391 
 0.147907928405809 
 0.174224330823976 
 0.1775951045905 
 0.168822970451111 
 0.140800875283619 
 0.161025517882765 
 0.165492808416713 
 0.176742258215837 
 0.161634693864667 
 0.405873650875248 
 0.582575297358958 
 0.579935534770716 
 0.560035786028584 
 0.422524461047236 
 0.145999176995849 
 0.155542934045647 
 0.164477515113543 
 0.164883632434811 
 0.156030274831169 
 0.150466467529797 
 0.161837752525301 
 0.195342431529912 
 0.223730032286546 
 0.209800208167053 
 0.153634182635688 
 0.146811411638385 
 0.189372506907272 
 0.165695867077347 
 0.185879897944367 
 0.207404115971572 
 0.186773356051157 
 0.232867672015076 
 0.224136149607814 
 0.194286526494615 
 0.239446772619618 
 0.197332406404125 
 0.18051914930363 
 0.189453730371526 
