 3.51291482896827E-02 
 5.59223551386048E-02 
 1.07621090136022E-02 
 1.07621090136022E-02 
 1.07621090136022E-02 
 1.07621090136022E-02 
 1.07621090136022E-02 
 1.07621090136022E-02 
 1.07621090136022E-02 
 1.07621090136022E-02 
 1.07621090136022E-02 
 1.07621090136022E-02 
 1.07621090136022E-02 
 1.07621090136022E-02 
 1.07621090136022E-02 
 1.07621090136022E-02 
 3.75658522172908E-02 
 3.75658522172908E-02 
 3.75658522172908E-02 
 2.68443549358154E-02 
 4.40637293575789E-02 
 5.23891344435731E-02 
 5.23891344435731E-02 
 1.07621090136022E-02 
 1.07621090136022E-02 
 1.07621090136022E-02 
 1.07621090136022E-02 
 1.07621090136022E-02 
 1.07621090136022E-02 
 1.61228576543399E-02 
 3.75658522172908E-02 
 3.75658522172908E-02 
 3.75658522172908E-02 
 2.14836062950776E-02 
 1.07621090136022E-02 
 1.07621090136022E-02 
 1.07621090136022E-02 
 1.07621090136022E-02 
 2.74129191855906E-02 
 5.23891344435731E-02 
 5.23891344435731E-02 
 4.88559137485414E-02 
 3.75658522172908E-02 
 3.75658522172908E-02 
 3.22051035765531E-02 
 1.07621090136022E-02 
 1.07621090136022E-02 
 1.07621090136022E-02 
 1.07621090136022E-02 
 1.07621090136022E-02 
 1.07621090136022E-02 
 1.07621090136022E-02 
 1.07621090136022E-02 
 4.40637293575789E-02 
 5.23891344435731E-02 
 5.23891344435731E-02 
 1.07621090136022E-02 
 1.07621090136022E-02 
 1.07621090136022E-02 
 1.07621090136022E-02 
 1.07621090136022E-02 
 1.07621090136022E-02 
 1.07621090136022E-02 
 1.07621090136022E-02 
 1.07621090136022E-02 
 1.07621090136022E-02 
 1.07621090136022E-02 
 2.74129191855906E-02 
 5.23891344435731E-02 
 5.23891344435731E-02 
 2.74129191855906E-02 
 1.07621090136022E-02 
 1.07621090136022E-02 
 2.14836062950776E-02 
 3.75658522172908E-02 
 3.75658522172908E-02 
 3.75658522172908E-02 
 1.61228576543399E-02 
 1.07621090136022E-02 
 1.07621090136022E-02 
 1.07621090136022E-02 
 1.07621090136022E-02 
 1.07621090136022E-02 
 1.07621090136022E-02 
 1.07621090136022E-02 
 1.23865782986743E-02 
 2.37578632941785E-02 
 2.05089247240344E-02 
 0.134018716018443 
 0.417204324138625 
 0.166711160380517 
 0.313116454697634 
 6.84307686336594E-02 
 6.07957629938209E-02 
 7.24919418463395E-02 
 7.00552379187314E-02 
 6.76185339911234E-02 
 4.17894723584781E-02 
 1.07621090136022E-02 
 1.07621090136022E-02 
 1.07621090136022E-02 
 1.07621090136022E-02 
 2.74129191855906E-02 
 5.23891344435731E-02 
 5.23891344435731E-02 
 2.74129191855906E-02 
 1.07621090136022E-02 
 1.07621090136022E-02 
 2.68443549358154E-02 
 3.75658522172908E-02 
 0.307430812199882 
 3.75658522172908E-02 
 1.31988129412103E-02 
 1.31988129412103E-02 
 2.19709470805993E-02 
 4.95869249268238E-02 
 0.457694221069045 
 0.458587679175835 
 0.45992786633602 
 0.493229486679996 
 0.206226375739895 
 0.125693310932449 
 8.40662855024777E-02 
 7.33447882210023E-02 
 5.48258383711811E-02 
 5.48258383711811E-02 
 3.30579499512159E-02 
 2.76159778462246E-02 
 2.76159778462246E-02 
 2.76159778462246E-02 
 2.76159778462246E-02 
 2.76159778462246E-02 
 3.30173382190891E-02 
 3.25706091656943E-02 
 3.37077376652447E-02 
 8.13859111821089E-02 
 6.70093580092214E-02 
 0.050358547837233 
 0.039758885752138 
 2.53823325792505E-02 
 5.19424053901783E-02 
 0.155136816724379 
 4.00025561448988E-02 
 4.00025561448988E-02 
 0.018559561581948 
 1.72599861538904E-02 
 3.36671259331179E-02 
 3.87842041810948E-02 
 3.87842041810948E-02 
 3.87842041810948E-02 
 3.87842041810948E-02 
 8.04112296110657E-02 
 7.89492072545008E-02 
 6.96491205974634E-02 
 3.63475002534868E-02 
 3.72409583602764E-02 
 3.85811455204608E-02 
 5.02773243729794E-02 
 0.136171137821163 
 0.432718005811063 
 0.432718005811063 
 0.443439503092538 
 0.549476735675615 
 0.236766398299249 
 5.21860757829391E-02 
 3.07430812199882E-02 
 2.53823325792505E-02 
 6.70093580092214E-02 
 6.70093580092214E-02 
 5.86839529232272E-02 
 2.53823325792505E-02 
 2.53823325792505E-02 
 3.00526817738326E-02 
 3.00526817738326E-02 
 0.310151798252378 
 7.00146261866047E-02 
 5.67345897811408E-02 
 5.74656009594232E-02 
 6.76185339911234E-02 
 5.27952517648411E-02 
 5.99835283512848E-02 
 5.99835283512848E-02 
 4.76781735168642E-02 
 9.85240621396188E-02 
 0.171300286110846 
 7.91928776472616E-02 
 3.75658522172908E-02 
 2.14836062950776E-02 
 1.07621090136022E-02 
 1.16555671203918E-02 
 1.29957542805763E-02 
 1.39704358516195E-02 
 1.34830950660979E-02 
 0.134627892000345 
 0.245700979367145 
 8.72340006083682E-02 
 9.25947492491059E-02 
 0.117570964507088 
 0.133734433893555 
 0.119601551113428 
 7.54159865594691E-02 
 0.050764665158501 
 0.050764665158501 
 0.050764665158501 
 4.89777489449218E-02 
 0.048531019891527 
 3.63475002534868E-02 
 3.63475002534868E-02 
 6.31512434571753E-02 
 6.31512434571753E-02 
 6.31512434571753E-02 
 5.68158132453944E-02 
 4.18300840906049E-02 
 4.18300840906049E-02 
 8.34571095205757E-02 
 8.34571095205757E-02 
 7.51317044345815E-02 
 3.15959275946511E-02 
 1.62446928507203E-02 
 1.62446928507203E-02 
 1.62446928507203E-02 
 1.84783381176944E-02 
 1.84783381176944E-02 
 2.87124946136482E-02 
 2.38390867584321E-02 
 4.41855645539593E-02 
 3.97994974842648E-02 
 3.97994974842648E-02 
 2.37172515620517E-02 
 1.29957542805763E-02 
 1.29957542805763E-02 
 1.29957542805763E-02 
 1.29957542805763E-02 
 1.29957542805763E-02 
 0.10295074094144 
 0.192012269495514 
 1.07621090136022E-02 
 0.106159067779457 
 0.217881942860287 
 6.47757127422473E-02 
 6.47757127422473E-02 
 0.106402738172218 
 0.111032475634674 
 9.77524392292096E-02 
 6.57910060454174E-02 
 6.57910060454174E-02 
 6.06739277974405E-02 
 5.15768998010371E-02 
 5.64503076562532E-02 
 6.61971233666854E-02 
 7.77714670228236E-02 
 8.87366346970598E-02 
 0.110504523117025 
 0.122160090237417 
 0.112900615312506 
 9.69808163188004E-02 
 0.177676328054754 
 0.282617043870407 
 0.114646919793959 
 0.108839442099826 
 8.95488693395959E-02 
 7.24919418463395E-02 
 8.69091067513538E-02 
 9.81179448183508E-02 
 9.76306040328292E-02 
 6.01865870119188E-02 
 6.10394333865817E-02 
 6.11612685829621E-02 
 5.60441903349852E-02 
 5.11707824797691E-02 
 6.57910060454174E-02 
 9.43816654626852E-02 
 0.113387956098028 
 0.119642162845555 
 0.128942249502593 
 0.120495009220218 
 0.117977081828356 
 0.129145308163227 
 0.135643185303515 
 0.132597305394005 
 0.133490763500794 
 0.126505545574985 
 0.122931713147826 
 1.09639493222724 
 0.121835196380403 
 0.122160090237417 
 2.14836062950776E-02 
 1.07621090136022E-02 
