 1.09651676742362E-02 
 1.09651676742362E-02 
 1.09651676742362E-02 
 1.09651676742362E-02 
 1.09651676742362E-02 
 1.09651676742362E-02 
 1.09651676742362E-02 
 1.09651676742362E-02 
 1.09651676742362E-02 
 1.09651676742362E-02 
 1.09651676742362E-02 
 1.09651676742362E-02 
 1.09651676742362E-02 
 1.09651676742362E-02 
 1.09651676742362E-02 
 1.09651676742362E-02 
 1.09651676742362E-02 
 1.09651676742362E-02 
 1.09651676742362E-02 
 1.09651676742362E-02 
 1.09651676742362E-02 
 1.09651676742362E-02 
 1.09651676742362E-02 
 1.09651676742362E-02 
 1.09651676742362E-02 
 1.09651676742362E-02 
 1.09651676742362E-02 
 1.09651676742362E-02 
 1.09651676742362E-02 
 1.09651676742362E-02 
 1.09651676742362E-02 
 1.09651676742362E-02 
 1.09651676742362E-02 
 1.09651676742362E-02 
 1.09651676742362E-02 
 1.09651676742362E-02 
 1.09651676742362E-02 
 1.09651676742362E-02 
 1.09651676742362E-02 
 1.09651676742362E-02 
 1.09651676742362E-02 
 1.09651676742362E-02 
 1.09651676742362E-02 
 1.09651676742362E-02 
 1.09651676742362E-02 
 1.09651676742362E-02 
 1.09651676742362E-02 
 1.09651676742362E-02 
 1.09651676742362E-02 
 1.09651676742362E-02 
 1.09651676742362E-02 
 1.09651676742362E-02 
 1.09651676742362E-02 
 1.09651676742362E-02 
 1.09651676742362E-02 
 1.09651676742362E-02 
 1.09651676742362E-02 
 1.09651676742362E-02 
 1.09651676742362E-02 
 1.09651676742362E-02 
 1.09651676742362E-02 
 1.09651676742362E-02 
 1.09651676742362E-02 
 1.09651676742362E-02 
 1.09651676742362E-02 
 1.09651676742362E-02 
 1.09651676742362E-02 
 1.09651676742362E-02 
 1.09651676742362E-02 
 1.09651676742362E-02 
 0.152903171457405 
 0.69730344061717 
 0.920586743850322 
 1.24271900308011 
 1.11824404411146 
 0.472923620616596 
 6.11206568508353E-02 
 7.53753748273424E-02 
 0.230268521158961 
 0.796396067006565 
 0.761348142181135 
 0.714847708895948 
 0.799645005576709 
 0.257884499005185 
 0.341869561043409 
 1.1010246696897 
 0.964894143600661 
 0.970214280509272 
 0.752738454970253 
 9.58842995513768E-02 
 0.354743480127605 
 0.753347630952156 
 0.753347630952156 
 0.916444347173388 
 0.802975167611106 
 6.59940647060514E-02 
 6.59940647060514E-02 
 6.59940647060514E-02 
 0.473532796598498 
 0.747174647668882 
 1.09651676742362E-02 
 1.09651676742362E-02 
 1.09651676742362E-02 
 1.09651676742362E-02 
 1.09651676742362E-02 
 1.09651676742362E-02 
 1.09651676742362E-02 
 1.09651676742362E-02 
 1.09651676742362E-02 
 1.09651676742362E-02 
 1.09651676742362E-02 
 1.09651676742362E-02 
 1.09651676742362E-02 
 1.09651676742362E-02 
 1.09651676742362E-02 
 1.09651676742362E-02 
 1.09651676742362E-02 
 1.09651676742362E-02 
 1.09651676742362E-02 
 1.09651676742362E-02 
 1.09651676742362E-02 
 1.09651676742362E-02 
 1.09651676742362E-02 
 1.09651676742362E-02 
 1.09651676742362E-02 
 1.09651676742362E-02 
 1.09651676742362E-02 
 1.09651676742362E-02 
 1.09651676742362E-02 
 1.09651676742362E-02 
 1.09651676742362E-02 
 1.09651676742362E-02 
 1.09651676742362E-02 
 1.09651676742362E-02 
 1.09651676742362E-02 
 1.09651676742362E-02 
 1.09651676742362E-02 
 1.09651676742362E-02 
 1.09651676742362E-02 
 1.09651676742362E-02 
 1.09651676742362E-02 
 1.09651676742362E-02 
 1.09651676742362E-02 
 1.09651676742362E-02 
 1.09651676742362E-02 
 1.09651676742362E-02 
 1.09651676742362E-02 
 1.09651676742362E-02 
 1.09651676742362E-02 
 1.09651676742362E-02 
 1.09651676742362E-02 
 1.09651676742362E-02 
 1.09651676742362E-02 
 1.09651676742362E-02 
 0.719233775965643 
 0.697953228331199 
 0.298739901524747 
 3.61444415928527E-02 
 3.61444415928527E-02 
 3.61444415928527E-02 
 3.70378996996424E-02 
 3.83780868598268E-02 
 9.79961096219704E-02 
 0.180356702375123 
 1.56355168688183E-02 
 1.36861537267319E-02 
 1.31988129412103E-02 
 1.31988129412103E-02 
 1.31988129412103E-02 
 1.31988129412103E-02 
 1.70975392253832E-02 
 1.96966900814984E-02 
 0.720208457536686 
 0.725528594445297 
 0.725528594445297 
 0.723741678231718 
 0.128942249502593 
 0.468456330082648 
 0.468456330082648 
 0.468456330082648 
 0.383577809937634 
 4.40637293575789E-02 
 0.048937137212795 
 2.96465644525646E-02 
 2.72098605249566E-02 
 1.09651676742362E-02 
 1.96560783493716E-02 
 3.26924443620747E-02 
 4.08147907874349E-02 
 4.08147907874349E-02 
 4.08147907874349E-02 
 4.17082488942245E-02 
 0.584808942625932 
 0.714157309449793 
 0.714157309449793 
 0.714157309449793 
 0.170772333593198 
 3.49260896290487E-02 
 0.030580634291481 
 1.31988129412103E-02 
 0.188885166121751 
 0.452414695892561 
 0.699496474152018 
 0.47718785248991 
 0.48937137212795 
 0.48937137212795 
 4.83685729630198E-02 
 0.729589767657977 
 0.718015424001839 
 0.711923664182819 
 0.711923664182819 
 0.84330261761302 
 0.738524348725873 
 0.738524348725873 
 0.758830214789274 
 7.95989949685297E-02 
 7.42788580599187E-02 
 5.29983104254751E-02 
 1.09651676742362E-02 
 1.09651676742362E-02 
 1.09651676742362E-02 
 1.09651676742362E-02 
 0.279774222621531 
 3.26924443620747E-02 
 0.301054770255975 
 4.33327181792965E-02 
 3.26924443620747E-02 
 3.26924443620747E-02 
 3.75658522172908E-02 
 0.176661034751584 
 0.720046010608179 
 0.720046010608179 
 0.713548133467891 
 0.57607742021867 
 3.26924443620747E-02 
 0.309583234002603 
 0.718421541323107 
 0.718787046912248 
 0.920058791332673 
 0.894351564896408 
 0.260280591200667 
 0.512682506368734 
 0.268037432036886 
 0.268037432036886 
 6.82277099730254E-02 
 0.502610796801287 
 0.611206568508353 
 0.611206568508353 
 0.297602773025197 
 0.084634849752253 
 0.153877853028448 
 0.194976925940771 
 0.305765731182684 
 0.570879118506439 
 1.27419309547838 
 1.25388722941498 
 1.24572427125749 
 0.813249935839187 
 0.136658478606685 
 0.142344121104437 
 0.16541158495246 
 0.845820545004881 
 0.834855377330645 
 0.826570583976778 
 0.81828579062291 
 0.137714383641982 
 0.134140551214823 
 0.121632137719768 
 0.139501299855561 
 0.163218551417613 
 0.145146330621186 
 0.149451174226627 
 0.139866805444702 
 0.119398492452794 
 0.122647431022939 
 0.119398492452794 
 0.830185028136063 
 0.833961919223855 
 0.813290547571314 
 1.05488974199365 
 0.124271900308011 
 0.129754484145129 
 1.09651676742362E-02 
 1.09651676742362E-02 
 1.09651676742362E-02 
 1.09651676742362E-02 
 1.09651676742362E-02 
 1.09651676742362E-02 
