 5.16175115331639E-02 
 0.306456130628839 
 0.430321913615582 
 7.69592323802876E-02 
 7.97208301649101E-02 
 0.10498132754778 
 5.19830171223051E-02 
 4.38200589648181E-02 
 1.11682263348702E-02 
 1.11682263348702E-02 
 1.11682263348702E-02 
 1.11682263348702E-02 
 1.11682263348702E-02 
 1.11682263348702E-02 
 1.11682263348702E-02 
 1.11682263348702E-02 
 1.11682263348702E-02 
 1.11682263348702E-02 
 1.11682263348702E-02 
 1.11682263348702E-02 
 5.19830171223051E-02 
 5.19830171223051E-02 
 4.38200589648181E-02 
 1.11682263348702E-02 
 1.11682263348702E-02 
 1.11682263348702E-02 
 1.11682263348702E-02 
 1.11682263348702E-02 
 1.11682263348702E-02 
 1.11682263348702E-02 
 1.11682263348702E-02 
 1.11682263348702E-02 
 1.11682263348702E-02 
 1.11682263348702E-02 
 1.11682263348702E-02 
 1.11682263348702E-02 
 1.11682263348702E-02 
 1.11682263348702E-02 
 1.11682263348702E-02 
 1.11682263348702E-02 
 1.11682263348702E-02 
 1.11682263348702E-02 
 1.11682263348702E-02 
 1.11682263348702E-02 
 1.11682263348702E-02 
 2.74941426498442E-02 
 5.19830171223051E-02 
 5.19830171223051E-02 
 2.74941426498442E-02 
 1.11682263348702E-02 
 1.11682263348702E-02 
 1.11682263348702E-02 
 1.11682263348702E-02 
 1.11682263348702E-02 
 1.11682263348702E-02 
 1.11682263348702E-02 
 1.11682263348702E-02 
 1.11682263348702E-02 
 1.11682263348702E-02 
 1.11682263348702E-02 
 1.11682263348702E-02 
 1.11682263348702E-02 
 1.11682263348702E-02 
 3.56571008073311E-02 
 5.19830171223051E-02 
 5.19830171223051E-02 
 1.93311844923572E-02 
 1.11682263348702E-02 
 1.11682263348702E-02 
 1.11682263348702E-02 
 1.11682263348702E-02 
 1.11682263348702E-02 
 1.11682263348702E-02 
 1.11682263348702E-02 
 1.11682263348702E-02 
 1.11682263348702E-02 
 1.11682263348702E-02 
 1.11682263348702E-02 
 5.19830171223051E-02 
 5.19830171223051E-02 
 4.38200589648181E-02 
 1.11682263348702E-02 
 1.11682263348702E-02 
 1.11682263348702E-02 
 0.050764665158501 
 5.32013690861091E-02 
 5.32013690861091E-02 
 0.050764665158501 
 4.34545533756769E-02 
 4.40637293575789E-02 
 4.40637293575789E-02 
 4.40637293575789E-02 
 7.67155619875268E-02 
 0.203952118740794 
 0.568645473239465 
 5.86839529232272E-02 
 5.86839529232272E-02 
 0.046500433285187 
 3.83780868598268E-02 
 3.83780868598268E-02 
 3.77689108779248E-02 
 0.523769509239351 
 1.11682263348702E-02 
 1.11682263348702E-02 
 1.11682263348702E-02 
 1.11682263348702E-02 
 1.11682263348702E-02 
 1.11682263348702E-02 
 1.11682263348702E-02 
 2.74941426498442E-02 
 0.200540733242143 
 0.303247803790822 
 5.47040031748007E-02 
 3.83780868598268E-02 
 4.36170003041841E-02 
 6.45726540816133E-02 
 6.45726540816133E-02 
 6.45726540816133E-02 
 6.45726540816133E-02 
 6.45726540816133E-02 
 1.11682263348702E-02 
 1.11682263348702E-02 
 1.11682263348702E-02 
 1.11682263348702E-02 
 1.11682263348702E-02 
 1.11682263348702E-02 
 2.74941426498442E-02 
 5.19830171223051E-02 
 5.19830171223051E-02 
 2.74941426498442E-02 
 1.11682263348702E-02 
 1.11682263348702E-02 
 5.22672992471927E-02 
 0.52072362932984 
 0.159116766472806 
 3.83780868598268E-02 
 3.83780868598268E-02 
 0.262433013003387 
 3.83780868598268E-02 
 0.495503743679097 
 0.609785157883915 
 0.609785157883915 
 0.582575297358958 
 0.582575297358958 
 0.582575297358958 
 0.582575297358958 
 0.650599948671349 
 0.77194780426623 
 1.12782841289339 
 0.690358834423487 
 0.647635292226093 
 0.149613621155134 
 3.53322069503167E-02 
 3.53322069503167E-02 
 1.11682263348702E-02 
 1.11682263348702E-02 
 1.11682263348702E-02 
 1.11682263348702E-02 
 1.11682263348702E-02 
 1.11682263348702E-02 
 4.38200589648181E-02 
 5.19830171223051E-02 
 5.19830171223051E-02 
 1.11682263348702E-02 
 1.11682263348702E-02 
 1.11682263348702E-02 
 1.11682263348702E-02 
 1.11682263348702E-02 
 1.11682263348702E-02 
 1.11682263348702E-02 
 1.11682263348702E-02 
 1.11682263348702E-02 
 1.11682263348702E-02 
 1.11682263348702E-02 
 1.11682263348702E-02 
 1.11682263348702E-02 
 1.11682263348702E-02 
 1.11682263348702E-02 
 1.11682263348702E-02 
 1.11682263348702E-02 
 2.74941426498442E-02 
 5.19830171223051E-02 
 5.19830171223051E-02 
 2.74941426498442E-02 
 1.11682263348702E-02 
 1.11682263348702E-02 
 1.11682263348702E-02 
 1.11682263348702E-02 
 1.11682263348702E-02 
 1.11682263348702E-02 
 1.11682263348702E-02 
 1.11682263348702E-02 
 1.11682263348702E-02 
 1.11682263348702E-02 
 1.11682263348702E-02 
 1.11682263348702E-02 
 7.61469977377516E-02 
 7.61469977377516E-02 
 6.79840395802646E-02 
 3.53322069503167E-02 
 3.53322069503167E-02 
 5.33638160146163E-02 
 4.88559137485414E-02 
 3.53322069503167E-02 
 1.60010224579595E-02 
 1.11682263348702E-02 
 1.11682263348702E-02 
 1.11682263348702E-02 
 0.255204124684816 
 0.660590434774542 
 0.822753081156858 
 0.911327268925411 
 1.02195362723882 
 0.907956495158886 
 0.58306263814448 
 0.591509878426854 
 0.710745923951141 
 0.585012001286566 
 0.604343185778923 
 0.609175981902013 
 0.833230908045573 
 0.61441489534637 
 1.12076197150332 
 0.528155576309045 
 6.39634780997113E-02 
 0.436170003041841 
 0.347473980076908 
 0.104778268887146 
 8.84523525721722E-02 
 6.25014557431465E-02 
 6.29481847965413E-02 
 6.43695954209793E-02 
 6.15267741721033E-02 
 6.15267741721033E-02 
 0.672164778430681 
 0.32676199669224 
 8.50409670735209E-02 
 8.65029894300858E-02 
 8.65029894300858E-02 
 9.46659475875728E-02 
 0.127926956199423 
 0.142547179765071 
 0.122241313701671 
 8.36601681812097E-02 
 8.92645872147082E-02 
 0.101732388977636 
 0.344428100167398 
 0.465775955762279 
 0.701161555169216 
 0.101732388977636 
 0.127114721556887 
 0.414158444229115 
 0.570594836381552 
 0.214836062950776 
 0.217272766878384 
 0.711639382057931 
 0.476213170918867 
 0.240746348047675 
 0.797492583773988 
 0.133775045625682 
 0.124881076289913 
 0.133003422715273 
 0.145186942353313 
 0.280342786871306 
 0.669240733717551 
 0.17747326939412 
 0.192296551620402 
 0.221374551823191 
 0.566696110097379 
 0.494163556518913 
 0.482873494987662 
 0.593824747158082 
 0.196926289082857 
 0.174630448145244 
 0.191078199656598 
 0.445307642770371 
 0.559792115635823 
 0.222349233394235 
 0.194083467833981 
 0.57303154030916 
 2.49737785540549 
 0.406564050321403 
 0.161431635204033 
 0.409000754249011 
 0.531973079128964 
 0.16959459336152 
 0.188438437068356 
 0.789451460812882 
