 9.7468157104322E-03 
 9.7468157104322E-03 
 9.7468157104322E-03 
 9.7468157104322E-03 
 9.7468157104322E-03 
 9.7468157104322E-03 
 9.7468157104322E-03 
 9.7468157104322E-03 
 9.7468157104322E-03 
 9.7468157104322E-03 
 9.7468157104322E-03 
 9.7468157104322E-03 
 5.23891344435731E-02 
 5.23891344435731E-02 
 5.23891344435731E-02 
 5.23891344435731E-02 
 2.68037432036886E-02 
 9.7468157104322E-03 
 9.7468157104322E-03 
 9.7468157104322E-03 
 9.7468157104322E-03 
 9.7468157104322E-03 
 9.7468157104322E-03 
 9.7468157104322E-03 
 9.7468157104322E-03 
 9.7468157104322E-03 
 0.027128637060703 
 3.14740923982706E-02 
 4.00025561448988E-02 
 6.97709557938438E-02 
 5.23891344435731E-02 
 5.23891344435731E-02 
 5.23891344435731E-02 
 1.82752794570604E-02 
 9.7468157104322E-03 
 9.7468157104322E-03 
 9.7468157104322E-03 
 9.7468157104322E-03 
 3.14740923982706E-02 
 3.14740923982706E-02 
 3.14740923982706E-02 
 2.27831817231353E-02 
 9.7468157104322E-03 
 9.7468157104322E-03 
 9.7468157104322E-03 
 9.7468157104322E-03 
 9.7468157104322E-03 
 9.7468157104322E-03 
 9.7468157104322E-03 
 9.7468157104322E-03 
 9.7468157104322E-03 
 4.38606706969449E-02 
 5.23891344435731E-02 
 6.54255004562762E-02 
 7.41164111314115E-02 
 5.70594836381552E-02 
 3.14740923982706E-02 
 9.7468157104322E-03 
 9.7468157104322E-03 
 9.7468157104322E-03 
 9.7468157104322E-03 
 9.7468157104322E-03 
 9.7468157104322E-03 
 9.7468157104322E-03 
 3.90278745738556E-02 
 5.17799584616711E-02 
 0.094422277194812 
 7.41164111314115E-02 
 5.23891344435731E-02 
 5.23891344435731E-02 
 2.68037432036886E-02 
 9.7468157104322E-03 
 9.7468157104322E-03 
 9.7468157104322E-03 
 9.7468157104322E-03 
 9.7468157104322E-03 
 9.7468157104322E-03 
 9.7468157104322E-03 
 9.7468157104322E-03 
 9.7468157104322E-03 
 9.7468157104322E-03 
 0.027128637060703 
 7.41164111314115E-02 
 7.41164111314115E-02 
 0.079517771504276 
 6.45726540816133E-02 
 3.89872628417288E-02 
 3.41138549865127E-02 
 5.84808942625932E-02 
 0.050358547837233 
 0.050358547837233 
 0.050358547837233 
 4.34545533756769E-02 
 3.20832683801727E-02 
 3.20832683801727E-02 
 0.27953055222877 
 0.101732388977636 
 0.181412607410419 
 0.261092825843203 
 0.088696022964933 
 8.00051122897976E-02 
 0.097062039783054 
 0.122647431022939 
 0.122647431022939 
 0.122647431022939 
 0.122647431022939 
 0.168376241397716 
 0.259062239236863 
 9.97018023712961E-02 
 9.97018023712961E-02 
 6.20141149576249E-02 
 5.76686596200572E-02 
 9.7468157104322E-03 
 9.7468157104322E-03 
 9.7468157104322E-03 
 9.7468157104322E-03 
 9.7468157104322E-03 
 9.7468157104322E-03 
 9.7468157104322E-03 
 1.40922710479999E-02 
 0.048531019891527 
 7.41164111314115E-02 
 7.41164111314115E-02 
 6.10800451187085E-02 
 5.23891344435731E-02 
 9.7468157104322E-03 
 9.7468157104322E-03 
 9.7468157104322E-03 
 9.7468157104322E-03 
 9.7468157104322E-03 
 9.7468157104322E-03 
 9.7468157104322E-03 
 9.7468157104322E-03 
 9.7468157104322E-03 
 4.38606706969449E-02 
 5.23891344435731E-02 
 6.10800451187085E-02 
 7.41164111314115E-02 
 5.70594836381552E-02 
 3.14740923982706E-02 
 1.40922710479999E-02 
 9.7468157104322E-03 
 9.7468157104322E-03 
 9.7468157104322E-03 
 9.7468157104322E-03 
 9.7468157104322E-03 
 9.7468157104322E-03 
 2.68037432036886E-02 
 5.23891344435731E-02 
 6.54255004562762E-02 
 7.41164111314115E-02 
 7.41164111314115E-02 
 3.14740923982706E-02 
 9.7468157104322E-03 
 9.7468157104322E-03 
 9.7468157104322E-03 
 9.7468157104322E-03 
 9.7468157104322E-03 
 9.7468157104322E-03 
 9.7468157104322E-03 
 9.7468157104322E-03 
 9.7468157104322E-03 
 4.38606706969449E-02 
 5.67345897811408E-02 
 7.41164111314115E-02 
 7.41164111314115E-02 
 5.70594836381552E-02 
 1.84377263855676E-02 
 9.7468157104322E-03 
 9.7468157104322E-03 
 9.7468157104322E-03 
 9.7468157104322E-03 
 9.7468157104322E-03 
 9.7468157104322E-03 
 9.7468157104322E-03 
 9.7468157104322E-03 
 9.7468157104322E-03 
 9.7468157104322E-03 
 9.7468157104322E-03 
 9.7468157104322E-03 
 9.7468157104322E-03 
 9.7468157104322E-03 
 9.7468157104322E-03 
 9.7468157104322E-03 
 1.82752794570604E-02 
 5.23891344435731E-02 
 5.23891344435731E-02 
 5.23891344435731E-02 
 5.23891344435731E-02 
 3.56571008073311E-02 
 3.14740923982706E-02 
 3.14740923982706E-02 
 0.027128637060703 
 9.7468157104322E-03 
 9.7468157104322E-03 
 9.7468157104322E-03 
 9.7468157104322E-03 
 9.7468157104322E-03 
 2.68037432036886E-02 
 5.23891344435731E-02 
 5.23891344435731E-02 
 5.23891344435731E-02 
 5.23891344435731E-02 
 9.7468157104322E-03 
 9.7468157104322E-03 
 9.7468157104322E-03 
 9.7468157104322E-03 
 3.14740923982706E-02 
 3.14740923982706E-02 
 3.14740923982706E-02 
 2.27831817231353E-02 
 9.7468157104322E-03 
 9.7468157104322E-03 
 9.7468157104322E-03 
 3.53322069503167E-02 
 5.23891344435731E-02 
 5.23891344435731E-02 
 5.23891344435731E-02 
 4.38606706969449E-02 
 9.7468157104322E-03 
 9.7468157104322E-03 
 3.14740923982706E-02 
 3.14740923982706E-02 
 3.14740923982706E-02 
 2.27831817231353E-02 
 9.7468157104322E-03 
 9.7468157104322E-03 
 9.7468157104322E-03 
 9.7468157104322E-03 
 9.7468157104322E-03 
 9.7468157104322E-03 
 9.7468157104322E-03 
 9.7468157104322E-03 
 9.7468157104322E-03 
 9.7468157104322E-03 
 2.27831817231353E-02 
 4.00025561448988E-02 
 7.41164111314115E-02 
 7.41164111314115E-02 
 5.23891344435731E-02 
 5.23891344435731E-02 
 1.82752794570604E-02 
 9.7468157104322E-03 
 9.7468157104322E-03 
 9.7468157104322E-03 
 9.7468157104322E-03 
 1.84377263855676E-02 
 3.14740923982706E-02 
 3.14740923982706E-02 
 3.14740923982706E-02 
 3.96776622878844E-02 
 5.23891344435731E-02 
 5.23891344435731E-02 
 5.23891344435731E-02 
 7.39133524707775E-02 
 5.63284724598728E-02 
 5.25921931042071E-02 
 5.70594836381552E-02 
 5.46227797105471E-02 
 9.23104671242183E-02 
 0.178163668840275 
 0.256828593969889 
 8.51221905377746E-02 
 7.61469977377516E-02 
 0.120413785755964 
 0.145593059674581 
 0.147217528959653 
 0.126099428253717 
 0.102544623620172 
 7.91522659151348E-02 
 8.42693441631117E-02 
 8.67060480907198E-02 
 9.70214280509272E-02 
 0.123865782986743 
 0.125287193611181 
 0.126099428253717 
 0.108717606903446 
 0.095437570497982 
 4.38606706969449E-02 
 5.23891344435731E-02 
 5.23891344435731E-02 
 5.23891344435731E-02 
 3.53322069503167E-02 
 9.7468157104322E-03 
 9.7468157104322E-03 
 3.14740923982706E-02 
 3.14740923982706E-02 
 3.14740923982706E-02 
