 1.05590503529682E-02 
 1.05590503529682E-02 
 1.05590503529682E-02 
 1.05590503529682E-02 
 1.05590503529682E-02 
 1.05590503529682E-02 
 1.05590503529682E-02 
 2.29050169195157E-02 
 5.45821679784203E-02 
 6.33543021178093E-02 
 6.33543021178093E-02 
 7.87867603259936E-02 
 4.52820813213829E-02 
 4.52820813213829E-02 
 4.52820813213829E-02 
 0.031392868934017 
 1.05590503529682E-02 
 1.05590503529682E-02 
 1.05590503529682E-02 
 1.05590503529682E-02 
 5.01961009087258E-02 
 6.33543021178093E-02 
 6.33543021178093E-02 
 6.33543021178093E-02 
 1.49451174226627E-02 
 1.05590503529682E-02 
 1.05590503529682E-02 
 1.05590503529682E-02 
 1.05590503529682E-02 
 1.05590503529682E-02 
 1.05590503529682E-02 
 1.49451174226627E-02 
 5.33232042824895E-02 
 6.72124166698554E-02 
 6.72124166698554E-02 
 5.40542154607719E-02 
 0.0383374751277 
 1.05590503529682E-02 
 1.05590503529682E-02 
 1.05590503529682E-02 
 1.05590503529682E-02 
 1.05590503529682E-02 
 1.05590503529682E-02 
 2.81033186317462E-02 
 3.24893857014407E-02 
 4.63785980888066E-02 
 9.49096179803336E-02 
 7.48068105775671E-02 
 4.52820813213829E-02 
 4.52820813213829E-02 
 1.05590503529682E-02 
 4.14239667693369E-02 
 4.14239667693369E-02 
 4.14239667693369E-02 
 4.14239667693369E-02 
 1.05590503529682E-02 
 1.05590503529682E-02 
 1.93311844923572E-02 
 3.24893857014407E-02 
 5.33232042824895E-02 
 6.72124166698554E-02 
 4.96681483910774E-02 
 4.52820813213829E-02 
 5.06834416942474E-02 
 4.14239667693369E-02 
 4.14239667693369E-02 
 4.14239667693369E-02 
 2.90780002027894E-02 
 1.05590503529682E-02 
 1.05590503529682E-02 
 1.05590503529682E-02 
 1.05590503529682E-02 
 3.24893857014407E-02 
 3.94339918951236E-02 
 6.72124166698554E-02 
 5.84402825304664E-02 
 4.52820813213829E-02 
 6.99740144544779E-02 
 4.83685729630198E-02 
 4.14239667693369E-02 
 4.14239667693369E-02 
 1.67320336362419E-02 
 1.05590503529682E-02 
 1.05590503529682E-02 
 1.05590503529682E-02 
 1.05590503529682E-02 
 1.05590503529682E-02 
 1.75036565466512E-02 
 4.52820813213829E-02 
 4.52820813213829E-02 
 7.22888831857055E-02 
 9.29602548382471E-02 
 7.96396067006564E-02 
 7.26950005069735E-02 
 6.66032406879534E-02 
 1.74630448145244E-02 
 2.94435057919306E-02 
 2.13211593665704E-02 
 1.31988129412103E-02 
 5.51101204960687E-02 
 8.69497184834806E-02 
 0.096046746479884 
 4.14239667693369E-02 
 2.29050169195157E-02 
 2.81033186317462E-02 
 3.24893857014407E-02 
 3.24893857014407E-02 
 6.28263496001609E-02 
 4.52820813213829E-02 
 4.52820813213829E-02 
 0.130769777448299 
 0.10993595886725 
 0.106808855493486 
 0.446566606466302 
 4.14239667693369E-02 
 4.14239667693369E-02 
 2.90780002027894E-02 
 1.05590503529682E-02 
 1.05590503529682E-02 
 1.05590503529682E-02 
 1.75036565466512E-02 
 4.52820813213829E-02 
 4.52820813213829E-02 
 4.52820813213829E-02 
 4.52820813213829E-02 
 1.75036565466512E-02 
 2.29050169195157E-02 
 4.14239667693369E-02 
 4.14239667693369E-02 
 4.14239667693369E-02 
 2.90780002027894E-02 
 1.05590503529682E-02 
 1.05590503529682E-02 
 1.05590503529682E-02 
 1.05590503529682E-02 
 1.05590503529682E-02 
 1.05590503529682E-02 
 1.05590503529682E-02 
 0.0383374751277 
 4.52820813213829E-02 
 4.52820813213829E-02 
 5.84402825304664E-02 
 5.33232042824895E-02 
 3.24893857014407E-02 
 3.24893857014407E-02 
 1.05590503529682E-02 
 1.05590503529682E-02 
 1.05590503529682E-02 
 1.05590503529682E-02 
 1.67320336362419E-02 
 4.14239667693369E-02 
 4.14239667693369E-02 
 4.14239667693369E-02 
 4.84091846951466E-02 
 3.24893857014407E-02 
 3.24893857014407E-02 
 3.24893857014407E-02 
 1.05590503529682E-02 
 1.05590503529682E-02 
 1.05590503529682E-02 
 1.05590503529682E-02 
 1.05590503529682E-02 
 4.52820813213829E-02 
 4.52820813213829E-02 
 4.52820813213829E-02 
 5.14550646046567E-02 
 5.53131791567027E-02 
 4.14239667693369E-02 
 4.14239667693369E-02 
 3.52509834860631E-02 
 0.513332294082763 
 0.513332294082763 
 0.513332294082763 
 0.129957542805763 
 4.14239667693369E-02 
 6.22577853503857E-02 
 7.61469977377516E-02 
 0.320548401676839 
 9.46659475875728E-02 
 0.100067307960437 
 7.34260116852559E-02 
 7.51317044345815E-02 
 6.97709557938438E-02 
 6.61971233666854E-02 
 6.61971233666854E-02 
 6.61971233666854E-02 
 4.42667880182129E-02 
 0.046906550606455 
 0.046906550606455 
 8.16295815748697E-02 
 8.16295815748697E-02 
 8.16295815748697E-02 
 9.28384196418667E-02 
 8.88178581613134E-02 
 0.323391222925715 
 0.323716116782729 
 8.45130145558725E-02 
 6.59940647060514E-02 
 6.59940647060514E-02 
 6.13643272435961E-02 
 0.296993597043295 
 5.15362880689103E-02 
 0.049952430515965 
 0.049952430515965 
 5.15362880689103E-02 
 5.25921931042071E-02 
 6.49381596707545E-02 
 9.22292436599647E-02 
 0.349788848808136 
 0.105387444869048 
 0.151156866975953 
 0.118098917024737 
 0.113712849955042 
 0.123622112593982 
 0.107499254939642 
 9.36100425522759E-02 
 9.81585565504776E-02 
 0.099295685050028 
 0.099295685050028 
 0.14116638087276 
 0.150263408869163 
 0.150263408869163 
 0.154324582081843 
 0.123459665665475 
 9.60061347477572E-02 
 0.129267143359607 
 0.115946495222016 
 0.115946495222016 
 0.115946495222016 
 6.37604194390773E-02 
 3.13522572018902E-02 
 4.14239667693369E-02 
 4.48353522679881E-02 
 0.047109609267089 
 0.047109609267089 
 1.62446928507203E-02 
 2.06307599204148E-02 
 3.81750281991928E-02 
 5.20642405865587E-02 
 7.28980591676075E-02 
 7.79339139513308E-02 
 7.37102938101435E-02 
 0.104575210226512 
 7.03801317757459E-02 
 0.088086846983031 
 7.37915172743971E-02 
 7.73653497015556E-02 
 8.53252491984086E-02 
 0.105306221404795 
 0.111560428152322 
 0.117408517578581 
 0.114322025936944 
 0.391415874238107 
 0.214998509879284 
 0.248706247544528 
 0.256666147041381 
 0.244563850867595 
 0.191931046031261 
 0.154893146331618 
 0.154324582081843 
 0.153512347439307 
 0.168944805647492 
 0.170163157611296 
 0.161756529061048 
 0.160416341900863 
 0.159685330722581 
 0.187017026443918 
 0.982763305736454 
 0.585539953804214 
 0.191037587924471 
 0.201028074027664 
 0.188560272264736 
 0.215242180272044 
 0.221740057412333 
 0.236766398299249 
 0.242858158118269 
 0.271692487928298 
 0.249924599508332 
 0.220927822769797 
 0.187301308568805 
 0.206023317079261 
 0.233801741853992 
 0.247528507312851 
 0.28562231204779 
 0.275591214212471 
 0.216704202628609 
 0.190875140995964 
 0.212480582487422 
