 9.34069838916419E-03 
 9.34069838916419E-03 
 9.34069838916419E-03 
 9.34069838916419E-03 
 9.34069838916419E-03 
 9.34069838916419E-03 
 9.34069838916419E-03 
 9.34069838916419E-03 
 9.34069838916419E-03 
 9.34069838916419E-03 
 9.34069838916419E-03 
 9.34069838916419E-03 
 9.34069838916419E-03 
 9.34069838916419E-03 
 9.34069838916419E-03 
 9.34069838916419E-03 
 9.34069838916419E-03 
 9.34069838916419E-03 
 9.34069838916419E-03 
 9.34069838916419E-03 
 9.34069838916419E-03 
 9.34069838916419E-03 
 9.34069838916419E-03 
 9.34069838916419E-03 
 9.34069838916419E-03 
 2.72098605249566E-02 
 3.16771510589047E-02 
 3.16771510589047E-02 
 2.72098605249566E-02 
 9.34069838916419E-03 
 9.34069838916419E-03 
 9.34069838916419E-03 
 9.34069838916419E-03 
 9.34069838916419E-03 
 9.34069838916419E-03 
 9.34069838916419E-03 
 9.34069838916419E-03 
 9.34069838916419E-03 
 9.34069838916419E-03 
 9.34069838916419E-03 
 9.34069838916419E-03 
 9.34069838916419E-03 
 9.34069838916419E-03 
 9.34069838916419E-03 
 9.34069838916419E-03 
 9.34069838916419E-03 
 9.34069838916419E-03 
 9.34069838916419E-03 
 9.34069838916419E-03 
 2.27425699910085E-02 
 3.16771510589047E-02 
 3.16771510589047E-02 
 3.16771510589047E-02 
 9.34069838916419E-03 
 9.34069838916419E-03 
 9.34069838916419E-03 
 9.34069838916419E-03 
 9.34069838916419E-03 
 9.34069838916419E-03 
 9.34069838916419E-03 
 9.34069838916419E-03 
 9.34069838916419E-03 
 9.34069838916419E-03 
 9.34069838916419E-03 
 9.34069838916419E-03 
 9.34069838916419E-03 
 9.34069838916419E-03 
 9.34069838916419E-03 
 9.34069838916419E-03 
 9.34069838916419E-03 
 9.34069838916419E-03 
 9.34069838916419E-03 
 9.34069838916419E-03 
 9.34069838916419E-03 
 1.17774023167722E-02 
 2.72098605249566E-02 
 5.36074864073771E-02 
 5.57192964779708E-02 
 5.23079109793195E-02 
 2.33517459729105E-02 
 2.57884499005185E-02 
 4.04086734661668E-02 
 0.047718785248991 
 0.047718785248991 
 0.049749371855331 
 6.51818300635153E-02 
 6.15267741721033E-02 
 0.049749371855331 
 0.049749371855331 
 3.83780868598268E-02 
 3.55352656109507E-02 
 3.55352656109507E-02 
 3.55352656109507E-02 
 4.22362014118729E-02 
 4.22362014118729E-02 
 4.22362014118729E-02 
 4.22362014118729E-02 
 5.44197210499131E-02 
 6.25420674752733E-02 
 6.25420674752733E-02 
 6.25420674752733E-02 
 6.25420674752733E-02 
 5.44197210499131E-02 
 5.56380730137171E-02 
 6.45726540816133E-02 
 6.45726540816133E-02 
 3.16771510589047E-02 
 9.34069838916419E-03 
 2.09150420453024E-02 
 2.14836062950776E-02 
 1.74630448145244E-02 
 0.246878719598822 
 1.74630448145244E-02 
 1.98997487421324E-02 
 2.96465644525646E-02 
 2.15242180272044E-02 
 2.15242180272044E-02 
 2.59915085611525E-02 
 4.38606706969449E-02 
 4.38606706969449E-02 
 3.16771510589047E-02 
 1.82752794570604E-02 
 9.34069838916419E-03 
 9.34069838916419E-03 
 9.34069838916419E-03 
 9.34069838916419E-03 
 9.34069838916419E-03 
 9.34069838916419E-03 
 9.34069838916419E-03 
 9.34069838916419E-03 
 1.82752794570604E-02 
 3.16771510589047E-02 
 3.16771510589047E-02 
 3.16771510589047E-02 
 1.38079889231123E-02 
 9.34069838916419E-03 
 9.34069838916419E-03 
 9.34069838916419E-03 
 9.34069838916419E-03 
 9.34069838916419E-03 
 9.34069838916419E-03 
 9.34069838916419E-03 
 9.34069838916419E-03 
 9.34069838916419E-03 
 3.16771510589047E-02 
 3.16771510589047E-02 
 3.16771510589047E-02 
 2.27425699910085E-02 
 9.34069838916419E-03 
 9.34069838916419E-03 
 9.34069838916419E-03 
 9.34069838916419E-03 
 9.34069838916419E-03 
 9.34069838916419E-03 
 9.34069838916419E-03 
 9.34069838916419E-03 
 9.34069838916419E-03 
 9.34069838916419E-03 
 9.34069838916419E-03 
 9.34069838916419E-03 
 9.34069838916419E-03 
 9.34069838916419E-03 
 9.34069838916419E-03 
 9.34069838916419E-03 
 9.34069838916419E-03 
 9.34069838916419E-03 
 9.34069838916419E-03 
 9.34069838916419E-03 
 3.61444415928527E-02 
 6.33543021178093E-02 
 0.283023161191675 
 5.36074864073771E-02 
 0.046906550606455 
 3.35046790046107E-02 
 3.35046790046107E-02 
 4.34139416435501E-02 
 5.82778356019592E-02 
 5.82778356019592E-02 
 9.34069838916419E-03 
 9.34069838916419E-03 
 9.34069838916419E-03 
 2.27425699910085E-02 
 3.16771510589047E-02 
 3.16771510589047E-02 
 3.16771510589047E-02 
 9.34069838916419E-03 
 9.34069838916419E-03 
 9.34069838916419E-03 
 9.34069838916419E-03 
 9.34069838916419E-03 
 9.34069838916419E-03 
 9.34069838916419E-03 
 9.34069838916419E-03 
 9.34069838916419E-03 
 9.34069838916419E-03 
 9.34069838916419E-03 
 9.34069838916419E-03 
 9.34069838916419E-03 
 2.72098605249566E-02 
 3.16771510589047E-02 
 3.16771510589047E-02 
 2.72098605249566E-02 
 9.34069838916419E-03 
 9.34069838916419E-03 
 9.34069838916419E-03 
 9.34069838916419E-03 
 9.34069838916419E-03 
 9.34069838916419E-03 
 9.34069838916419E-03 
 1.82752794570604E-02 
 3.16771510589047E-02 
 3.16771510589047E-02 
 3.16771510589047E-02 
 1.38079889231123E-02 
 9.34069838916419E-03 
 9.34069838916419E-03 
 9.34069838916419E-03 
 9.34069838916419E-03 
 9.34069838916419E-03 
 9.34069838916419E-03 
 9.34069838916419E-03 
 9.34069838916419E-03 
 9.34069838916419E-03 
 1.82752794570604E-02 
 3.16771510589047E-02 
 3.16771510589047E-02 
 3.16771510589047E-02 
 1.38079889231123E-02 
 5.82778356019592E-02 
 4.07335673231812E-02 
 2.14836062950776E-02 
 1.15743436561382E-02 
 1.15743436561382E-02 
 1.15743436561382E-02 
 1.15743436561382E-02 
 1.15743436561382E-02 
 1.06808855493486E-02 
 9.34069838916419E-03 
 9.34069838916419E-03 
 3.12710337376366E-02 
 0.256869205702015 
 3.41138549865127E-02 
 3.41138549865127E-02 
 0.031392868934017 
 3.63475002534868E-02 
 3.63475002534868E-02 
 1.65289749756079E-02 
 1.15743436561382E-02 
 1.64477515113543E-02 
 4.15864136978441E-02 
 0.094625335855446 
 0.114525084597578 
 0.122647431022939 
 8.89396933576938E-02 
 8.31728273956881E-02 
 7.22482714535787E-02 
 9.17825146065699E-02 
 8.31322156635613E-02 
 8.73152240726218E-02 
 8.73152240726218E-02 
 9.01580453214979E-02 
 0.110098405795757 
 0.118383199149624 
 0.130566718787665 
 0.130363660127031 
 0.11005779406363 
 0.107458643207515 
 8.61374838409446E-02 
 0.106199679511584 
 0.129673260680875 
 9.34069838916419E-03 
 9.34069838916419E-03 
 9.34069838916419E-03 
 1.38079889231123E-02 
 3.16771510589047E-02 
 3.16771510589047E-02 
 3.16771510589047E-02 
 1.82752794570604E-02 
 9.34069838916419E-03 
 9.34069838916419E-03 
 9.34069838916419E-03 
 9.34069838916419E-03 
 9.34069838916419E-03 
 9.34069838916419E-03 
 1.38079889231123E-02 
 3.16771510589047E-02 
 3.16771510589047E-02 
 3.16771510589047E-02 
