 9.94987437106621E-03 
 9.94987437106621E-03 
 9.94987437106621E-03 
 9.94987437106621E-03 
 9.94987437106621E-03 
 9.94987437106621E-03 
 9.94987437106621E-03 
 9.94987437106621E-03 
 9.94987437106621E-03 
 9.94987437106621E-03 
 9.94987437106621E-03 
 3.21238801122995E-02 
 6.79840395802646E-02 
 8.20356988961377E-02 
 8.20356988961377E-02 
 0.07464436364906 
 2.40015336869393E-02 
 9.94987437106621E-03 
 9.94987437106621E-03 
 9.94987437106621E-03 
 9.94987437106621E-03 
 9.94987437106621E-03 
 9.94987437106621E-03 
 9.94987437106621E-03 
 9.94987437106621E-03 
 3.21238801122995E-02 
 0.046906550606455 
 0.046906550606455 
 0.046906550606455 
 3.95152153593772E-02 
 9.94987437106621E-03 
 3.10273633448758E-02 
 4.50790226607489E-02 
 4.50790226607489E-02 
 4.50790226607489E-02 
 2.40015336869393E-02 
 9.94987437106621E-03 
 9.94987437106621E-03 
 2.47325448652217E-02 
 0.046906550606455 
 0.046906550606455 
 0.046906550606455 
 0.046906550606455 
 9.94987437106621E-03 
 9.94987437106621E-03 
 9.94987437106621E-03 
 9.94987437106621E-03 
 9.94987437106621E-03 
 9.94987437106621E-03 
 2.40015336869393E-02 
 4.50790226607489E-02 
 4.50790226607489E-02 
 4.50790226607489E-02 
 3.10273633448758E-02 
 3.21238801122995E-02 
 0.046906550606455 
 0.046906550606455 
 0.046906550606455 
 3.95152153593772E-02 
 9.94987437106621E-03 
 9.94987437106621E-03 
 9.94987437106621E-03 
 9.94987437106621E-03 
 9.94987437106621E-03 
 9.94987437106621E-03 
 9.94987437106621E-03 
 9.94987437106621E-03 
 9.94987437106621E-03 
 9.94987437106621E-03 
 9.94987437106621E-03 
 9.94987437106621E-03 
 9.94987437106621E-03 
 9.94987437106621E-03 
 9.94987437106621E-03 
 9.94987437106621E-03 
 3.95152153593772E-02 
 0.046906550606455 
 0.046906550606455 
 0.046906550606455 
 3.21238801122995E-02 
 1.96966900814984E-02 
 2.21333940091065E-02 
 2.61945672217865E-02 
 3.22863270408067E-02 
 6.00647518155384E-02 
 8.38632268418437E-02 
 9.54781822301088E-02 
 0.118383199149624 
 0.112291439330604 
 0.108230266117924 
 0.108230266117924 
 0.145186942353313 
 0.046906550606455 
 0.046906550606455 
 0.046906550606455 
 2.47325448652217E-02 
 9.94987437106621E-03 
 9.94987437106621E-03 
 1.69757040290028E-02 
 4.50790226607489E-02 
 4.50790226607489E-02 
 4.50790226607489E-02 
 3.80531930028124E-02 
 9.94987437106621E-03 
 9.94987437106621E-03 
 9.94987437106621E-03 
 3.81750281991928E-02 
 1.14204251913777 
 7.51317044345815E-02 
 7.51317044345815E-02 
 7.51317044345815E-02 
 5.29576986933483E-02 
 4.41449528218325E-02 
 7.06644139006335E-02 
 7.39133524707775E-02 
 0.310436080377266 
 6.36385842426969E-02 
 3.55352656109507E-02 
 0.047718785248991 
 0.047718785248991 
 4.28453773937749E-02 
 3.55352656109507E-02 
 3.55352656109507E-02 
 3.55352656109507E-02 
 3.55352656109507E-02 
 0.275306932087583 
 3.55352656109507E-02 
 6.36385842426969E-02 
 7.06644139006335E-02 
 7.06644139006335E-02 
 7.06644139006335E-02 
 4.49977991964953E-02 
 0.047718785248991 
 0.047718785248991 
 0.047718785248991 
 4.52820813213829E-02 
 3.55352656109507E-02 
 3.55352656109507E-02 
 3.55352656109507E-02 
 3.55352656109507E-02 
 3.55352656109507E-02 
 0.057709271352184 
 7.24919418463395E-02 
 7.24919418463395E-02 
 0.237741079870292 
 0.495788025803985 
 0.466222684815674 
 0.705994351292306 
 0.459196855157737 
 0.431093536525991 
 3.55352656109507E-02 
 3.55352656109507E-02 
 3.55352656109507E-02 
 3.55352656109507E-02 
 3.55352656109507E-02 
 3.55352656109507E-02 
 3.55352656109507E-02 
 4.25610952688873E-02 
 7.97614418970369E-02 
 8.20356988961377E-02 
 8.20356988961377E-02 
 7.50098692382012E-02 
 3.21238801122995E-02 
 9.94987437106621E-03 
 9.94987437106621E-03 
 9.94987437106621E-03 
 9.94987437106621E-03 
 9.94987437106621E-03 
 9.94987437106621E-03 
 9.94987437106621E-03 
 9.94987437106621E-03 
 3.21238801122995E-02 
 0.046906550606455 
 0.046906550606455 
 0.046906550606455 
 3.95152153593772E-02 
 1.69757040290028E-02 
 4.50790226607489E-02 
 4.50790226607489E-02 
 4.50790226607489E-02 
 3.80531930028124E-02 
 9.94987437106621E-03 
 9.94987437106621E-03 
 2.86312711493946E-02 
 3.33016203439767E-02 
 3.48854778969219E-02 
 0.058115388673452 
 7.28980591676075E-02 
 7.28980591676075E-02 
 7.28980591676075E-02 
 6.55067239205298E-02 
 3.59413829322187E-02 
 3.59413829322187E-02 
 3.59413829322187E-02 
 0.115053037115227 
 0.431499653847259 
 0.444089290806567 
 0.433164734864458 
 0.434220639899755 
 0.444089290806567 
 0.141653721658281 
 6.31512434571753E-02 
 4.43073997503397E-02 
 6.85526038300398E-02 
 7.59439390771176E-02 
 0.466710025601195 
 0.82234696383559 
 9.62904168726448E-02 
 7.41164111314115E-02 
 3.89872628417288E-02 
 1.81940559928068E-02 
 1.29957542805763E-02 
 1.29957542805763E-02 
 1.29957542805763E-02 
 1.62446928507203E-02 
 1.29957542805763E-02 
 1.11682263348702E-02 
 9.94987437106621E-03 
 9.94987437106621E-03 
 9.94987437106621E-03 
 3.10273633448758E-02 
 0.047718785248991 
 5.30389221576019E-02 
 6.25014557431465E-02 
 6.35979725105701E-02 
 0.049546313194697 
 0.049546313194697 
 5.44197210499131E-02 
 2.47731565973485E-02 
 1.74630448145244E-02 
 1.25896369593083E-02 
 1.25896369593083E-02 
 1.79097738679192E-02 
 3.65505589141208E-02 
 3.65505589141208E-02 
 4.12209081087028E-02 
 5.99023048870312E-02 
 0.124596794165025 
 0.131988129412103 
 0.131988129412103 
 0.131988129412103 
 8.41881206988581E-02 
 6.25420674752733E-02 
 0.048531019891527 
 3.91903215023628E-02 
 3.91903215023628E-02 
 5.32013690861091E-02 
 6.41665367603453E-02 
 7.58221038807372E-02 
 0.096046746479884 
 0.161228576543399 
 0.206713716525416 
 0.19574854885118 
 0.179016515214938 
 0.152659501064644 
 0.114159579008437 
 0.137064595927953 
 0.149897903280022 
 0.145999176995849 
 0.13418116294695 
 0.144415319442904 
 0.147217528959653 
 0.11614955388265 
 0.140313534498097 
 4.50790226607489E-02 
 5.24703579078267E-02 
 0.149045056905359 
 0.122444372362305 
 0.134627892000345 
 0.141938003783169 
 0.107499254939642 
 0.108230266117924 
 0.117570964507088 
 0.118383199149624 
 0.112291439330604 
 0.122038255041037 
 0.11716484718582 
 0.114322025936944 
 9.94987437106621E-03 
 9.94987437106621E-03 
 3.10273633448758E-02 
 4.50790226607489E-02 
 5.24703579078267E-02 
 8.20356988961377E-02 
 6.09582099223281E-02 
 0.046906550606455 
 0.046906550606455 
 0.017341209618144 
