 1.07621090136022E-02 
 1.07621090136022E-02 
 1.07621090136022E-02 
 1.07621090136022E-02 
 4.44698466788469E-02 
 4.44698466788469E-02 
 4.44698466788469E-02 
 4.44698466788469E-02 
 2.42452040797001E-02 
 1.07621090136022E-02 
 1.07621090136022E-02 
 1.07621090136022E-02 
 1.07621090136022E-02 
 1.07621090136022E-02 
 1.07621090136022E-02 
 1.07621090136022E-02 
 1.07621090136022E-02 
 1.07621090136022E-02 
 5.23485227114463E-02 
 6.88368859549274E-02 
 6.88368859549274E-02 
 6.88368859549274E-02 
 0.030986751612749 
 1.07621090136022E-02 
 1.07621090136022E-02 
 1.07621090136022E-02 
 1.07621090136022E-02 
 1.07621090136022E-02 
 1.07621090136022E-02 
 1.07621090136022E-02 
 1.07621090136022E-02 
 1.07621090136022E-02 
 1.07621090136022E-02 
 1.07621090136022E-02 
 1.07621090136022E-02 
 3.51291482896827E-02 
 3.51291482896827E-02 
 3.51291482896827E-02 
 2.53823325792505E-02 
 2.42452040797001E-02 
 4.44698466788469E-02 
 4.44698466788469E-02 
 4.44698466788469E-02 
 4.44698466788469E-02 
 1.07621090136022E-02 
 1.07621090136022E-02 
 1.07621090136022E-02 
 1.07621090136022E-02 
 1.07621090136022E-02 
 1.07621090136022E-02 
 1.07621090136022E-02 
 1.07621090136022E-02 
 1.07621090136022E-02 
 1.07621090136022E-02 
 1.07621090136022E-02 
 1.07621090136022E-02 
 1.07621090136022E-02 
 1.07621090136022E-02 
 0.030986751612749 
 4.44698466788469E-02 
 4.44698466788469E-02 
 4.44698466788469E-02 
 0.037728299145798 
 1.07621090136022E-02 
 1.07621090136022E-02 
 2.05089247240344E-02 
 3.51291482896827E-02 
 3.51291482896827E-02 
 3.51291482896827E-02 
 1.56355168688183E-02 
 1.07621090136022E-02 
 1.07621090136022E-02 
 0.037728299145798 
 4.44698466788469E-02 
 4.44698466788469E-02 
 4.44698466788469E-02 
 0.030986751612749 
 3.02557404344666E-02 
 3.51291482896827E-02 
 3.51291482896827E-02 
 3.02557404344666E-02 
 1.07621090136022E-02 
 1.07621090136022E-02 
 1.07621090136022E-02 
 1.07621090136022E-02 
 1.36455419946051E-02 
 3.37889611294983E-02 
 1.01037928358268 
 0.096249805140518 
 0.114931201918846 
 0.09787427442559 
 6.41665367603453E-02 
 7.39133524707775E-02 
 8.85335760364258E-02 
 8.85335760364258E-02 
 8.85335760364258E-02 
 6.90399446155614E-02 
 6.85932155621666E-02 
 0.696288147314 
 0.382156399313196 
 6.93648384725758E-02 
 7.02582965793654E-02 
 6.53848887241494E-02 
 7.56190452201032E-02 
 9.34069838916419E-02 
 8.36601681812097E-02 
 0.103153799602074 
 0.10802720745729 
 7.67561737196536E-02 
 7.24919418463395E-02 
 5.29983104254751E-02 
 5.17799584616711E-02 
 4.55663634462705E-02 
 0.478528039650094 
 0.668956451592663 
 0.566249381043984 
 0.893255048128984 
 0.893255048128984 
 0.893255048128984 
 0.893255048128984 
 0.490589724091754 
 0.505453618050163 
 0.514753704707201 
 0.512317000779593 
 0.514753704707201 
 0.186773356051157 
 0.298861736721127 
 0.238878208369843 
 0.145186942353313 
 0.120819903077232 
 0.11716484718582 
 0.107418031475388 
 0.117530352774962 
 0.105590503529682 
 0.105590503529682 
 0.11996705670257 
 0.105590503529682 
 0.112778780116126 
 0.112778780116126 
 0.105590503529682 
 0.140069864105336 
 0.216785426092863 
 0.124678017629279 
 0.124678017629279 
 0.124678017629279 
 0.084634849752253 
 6.61971233666854E-02 
 7.59845508092444E-02 
 5.62472489956192E-02 
 6.11206568508353E-02 
 0.105387444869048 
 0.105387444869048 
 0.105387444869048 
 9.07672213033999E-02 
 6.18516680291177E-02 
 7.05425787042531E-02 
 9.07672213033999E-02 
 9.07672213033999E-02 
 4.44698466788469E-02 
 4.44698466788469E-02 
 1.07621090136022E-02 
 1.56355168688183E-02 
 3.51291482896827E-02 
 3.51291482896827E-02 
 3.51291482896827E-02 
 2.05089247240344E-02 
 1.07621090136022E-02 
 1.07621090136022E-02 
 1.07621090136022E-02 
 4.44698466788469E-02 
 4.44698466788469E-02 
 4.44698466788469E-02 
 4.44698466788469E-02 
 2.42452040797001E-02 
 1.07621090136022E-02 
 1.07621090136022E-02 
 1.07621090136022E-02 
 1.07621090136022E-02 
 1.07621090136022E-02 
 1.07621090136022E-02 
 1.07621090136022E-02 
 1.07621090136022E-02 
 1.07621090136022E-02 
 1.07621090136022E-02 
 1.07621090136022E-02 
 1.07621090136022E-02 
 1.07621090136022E-02 
 1.07621090136022E-02 
 1.56355168688183E-02 
 3.51291482896827E-02 
 4.86122433557806E-02 
 6.88368859549274E-02 
 5.42166623892791E-02 
 4.44698466788469E-02 
 4.44698466788469E-02 
 1.07621090136022E-02 
 1.07621090136022E-02 
 1.07621090136022E-02 
 1.07621090136022E-02 
 1.07621090136022E-02 
 1.07621090136022E-02 
 1.07621090136022E-02 
 1.07621090136022E-02 
 1.07621090136022E-02 
 1.07621090136022E-02 
 1.07621090136022E-02 
 1.07621090136022E-02 
 1.07621090136022E-02 
 1.07621090136022E-02 
 1.07621090136022E-02 
 6.25014557431465E-02 
 0.068511992097913 
 8.14265229142357E-02 
 8.14265229142357E-02 
 6.25420674752733E-02 
 6.18922797612445E-02 
 6.84307686336594E-02 
 4.36576120363109E-02 
 5.03991595693598E-02 
 7.73653497015556E-02 
 7.73653497015556E-02 
 0.358439147751144 
 7.73653497015556E-02 
 5.03991595693598E-02 
 0.222430456858488 
 0.115824660025636 
 2.53823325792505E-02 
 2.84688242208874E-02 
 0.121713361184022 
 0.210328160684702 
 0.319451884909415 
 3.47230309684147E-02 
 8.62999307694518E-02 
 0.114728143258212 
 0.114728143258212 
 0.114728143258212 
 9.51126766409676E-02 
 8.77213413938898E-02 
 0.183849311338027 
 0.277540577354557 
 9.01580453214979E-02 
 9.01580453214979E-02 
 9.01580453214979E-02 
 8.02487826825585E-02 
 0.139298241194927 
 0.087274612340495 
 4.38606706969449E-02 
 4.38606706969449E-02 
 5.36074864073771E-02 
 5.60441903349852E-02 
 6.33543021178093E-02 
 0.086462377697959 
 8.54876961269158E-02 
 8.38632268418437E-02 
 7.39539642029043E-02 
 0.078908595522374 
 9.79961096219704E-02 
 0.104169092905244 
 0.104169092905244 
 0.142912685354212 
 0.15842636702665 
 0.109489229813855 
 1.07621090136022E-02 
 1.07621090136022E-02 
 0.088289905643665 
 0.376105251226303 
 0.104778268887146 
 0.110870028706166 
 0.123053548344207 
 0.098686509068126 
 0.10599662085095 
 0.146324070852863 
 4.44698466788469E-02 
 4.44698466788469E-02 
 4.44698466788469E-02 
 0.037728299145798 
 1.07621090136022E-02 
 1.07621090136022E-02 
 1.07621090136022E-02 
 2.53823325792505E-02 
 3.51291482896827E-02 
 3.51291482896827E-02 
 3.51291482896827E-02 
 1.07621090136022E-02 
 1.07621090136022E-02 
 0.030986751612749 
 4.44698466788469E-02 
 4.44698466788469E-02 
