 9.94987437106621E-03 
 9.94987437106621E-03 
 9.94987437106621E-03 
 9.94987437106621E-03 
 9.94987437106621E-03 
 9.94987437106621E-03 
 9.94987437106621E-03 
 9.94987437106621E-03 
 9.94987437106621E-03 
 9.94987437106621E-03 
 9.94987437106621E-03 
 9.94987437106621E-03 
 9.94987437106621E-03 
 9.94987437106621E-03 
 9.94987437106621E-03 
 1.77067152072852E-02 
 0.048734078552161 
 0.048734078552161 
 0.048734078552161 
 0.048734078552161 
 1.77067152072852E-02 
 9.94987437106621E-03 
 9.94987437106621E-03 
 9.94987437106621E-03 
 9.94987437106621E-03 
 9.94987437106621E-03 
 9.94987437106621E-03 
 9.94987437106621E-03 
 9.94987437106621E-03 
 9.94987437106621E-03 
 9.94987437106621E-03 
 9.94987437106621E-03 
 9.94987437106621E-03 
 0.040977237715942 
 0.048734078552161 
 0.048734078552161 
 0.048734078552161 
 3.32203968797231E-02 
 9.94987437106621E-03 
 9.94987437106621E-03 
 9.94987437106621E-03 
 9.94987437106621E-03 
 9.94987437106621E-03 
 9.94987437106621E-03 
 9.94987437106621E-03 
 9.94987437106621E-03 
 9.94987437106621E-03 
 9.94987437106621E-03 
 9.94987437106621E-03 
 9.94987437106621E-03 
 9.94987437106621E-03 
 9.94987437106621E-03 
 1.77067152072852E-02 
 0.048734078552161 
 0.048734078552161 
 0.048734078552161 
 0.048734078552161 
 1.77067152072852E-02 
 9.94987437106621E-03 
 9.94987437106621E-03 
 9.94987437106621E-03 
 9.94987437106621E-03 
 9.94987437106621E-03 
 9.94987437106621E-03 
 9.94987437106621E-03 
 9.94987437106621E-03 
 9.94987437106621E-03 
 1.77067152072852E-02 
 0.048734078552161 
 0.048734078552161 
 0.048734078552161 
 0.048734078552161 
 1.77067152072852E-02 
 9.94987437106621E-03 
 9.94987437106621E-03 
 9.94987437106621E-03 
 9.94987437106621E-03 
 9.94987437106621E-03 
 9.94987437106621E-03 
 9.94987437106621E-03 
 9.94987437106621E-03 
 0.040977237715942 
 0.048734078552161 
 0.048734078552161 
 0.048734078552161 
 3.32203968797231E-02 
 9.94987437106621E-03 
 9.94987437106621E-03 
 9.94987437106621E-03 
 9.94987437106621E-03 
 9.94987437106621E-03 
 9.94987437106621E-03 
 9.94987437106621E-03 
 9.94987437106621E-03 
 9.94987437106621E-03 
 9.94987437106621E-03 
 0.019371796224484 
 3.35046790046107E-02 
 5.67752015132676E-02 
 7.22888831857055E-02 
 7.22888831857055E-02 
 7.22888831857055E-02 
 6.45320423494865E-02 
 3.35046790046107E-02 
 9.94987437106621E-03 
 9.94987437106621E-03 
 9.94987437106621E-03 
 9.94987437106621E-03 
 9.94987437106621E-03 
 9.94987437106621E-03 
 9.94987437106621E-03 
 9.94987437106621E-03 
 0.040977237715942 
 0.048734078552161 
 0.048734078552161 
 0.048734078552161 
 3.32203968797231E-02 
 9.94987437106621E-03 
 9.94987437106621E-03 
 9.94987437106621E-03 
 9.94987437106621E-03 
 9.94987437106621E-03 
 9.94987437106621E-03 
 9.94987437106621E-03 
 9.94987437106621E-03 
 1.77067152072852E-02 
 0.048734078552161 
 0.048734078552161 
 0.048734078552161 
 0.048734078552161 
 1.77067152072852E-02 
 9.94987437106621E-03 
 9.94987437106621E-03 
 9.94987437106621E-03 
 9.94987437106621E-03 
 9.94987437106621E-03 
 9.94987437106621E-03 
 9.94987437106621E-03 
 9.94987437106621E-03 
 0.048734078552161 
 0.048734078552161 
 0.048734078552161 
 0.048734078552161 
 2.54635560435041E-02 
 9.94987437106621E-03 
 9.94987437106621E-03 
 3.35046790046107E-02 
 3.35046790046107E-02 
 3.35046790046107E-02 
 3.35046790046107E-02 
 3.35046790046107E-02 
 3.35046790046107E-02 
 5.42166623892791E-02 
 9.30008665703739E-02 
 9.30008665703739E-02 
 9.47877827839532E-02 
 0.095234511837348 
 7.19639893286911E-02 
 5.64503076562532E-02 
 8.07361234680801E-02 
 0.094625335855446 
 0.094625335855446 
 8.89396933576938E-02 
 8.31322156635613E-02 
 6.39634780997113E-02 
 6.39634780997113E-02 
 6.39634780997113E-02 
 6.21765618861321E-02 
 6.22577853503857E-02 
 6.43695954209793E-02 
 4.78000087132446E-02 
 4.36576120363109E-02 
 4.36576120363109E-02 
 4.22768131439997E-02 
 6.00241400834116E-02 
 7.55378217558496E-02 
 0.048734078552161 
 0.048734078552161 
 0.040977237715942 
 9.94987437106621E-03 
 9.94987437106621E-03 
 9.94987437106621E-03 
 9.94987437106621E-03 
 9.94987437106621E-03 
 9.94987437106621E-03 
 9.94987437106621E-03 
 9.94987437106621E-03 
 9.94987437106621E-03 
 9.94987437106621E-03 
 9.94987437106621E-03 
 9.94987437106621E-03 
 9.94987437106621E-03 
 9.94987437106621E-03 
 1.77067152072852E-02 
 0.048734078552161 
 0.048734078552161 
 0.048734078552161 
 0.048734078552161 
 1.77067152072852E-02 
 9.94987437106621E-03 
 9.94987437106621E-03 
 9.94987437106621E-03 
 9.94987437106621E-03 
 9.94987437106621E-03 
 9.94987437106621E-03 
 9.94987437106621E-03 
 2.70880253285762E-02 
 1.48232822262823E-02 
 1.48232822262823E-02 
 1.48232822262823E-02 
 0.018965678903216 
 0.239974725137266 
 5.10489472833886E-02 
 6.44508188852329E-02 
 0.048734078552161 
 0.048734078552161 
 0.048734078552161 
 9.94987437106621E-03 
 3.63475002534868E-02 
 3.63475002534868E-02 
 3.63475002534868E-02 
 3.63475002534868E-02 
 3.63475002534868E-02 
 3.41138549865127E-02 
 3.54540421466971E-02 
 3.63475002534868E-02 
 9.94987437106621E-03 
 9.94987437106621E-03 
 9.94987437106621E-03 
 9.94987437106621E-03 
 9.94987437106621E-03 
 9.94987437106621E-03 
 9.94987437106621E-03 
 9.94987437106621E-03 
 9.94987437106621E-03 
 9.94987437106621E-03 
 0.040977237715942 
 0.048734078552161 
 0.048734078552161 
 0.048734078552161 
 3.32203968797231E-02 
 9.94987437106621E-03 
 9.94987437106621E-03 
 9.94987437106621E-03 
 9.94987437106621E-03 
 9.94987437106621E-03 
 9.94987437106621E-03 
 9.94987437106621E-03 
 3.63475002534868E-02 
 3.87842041810948E-02 
 3.68348410390084E-02 
 6.47757127422473E-02 
 0.11005779406363 
 0.108108430921544 
 0.114728143258212 
 0.114728143258212 
 9.56000174264892E-02 
 9.18231263386967E-02 
 7.07050256327603E-02 
 6.31512434571753E-02 
 6.36791959748237E-02 
 0.097265098443688 
 0.102138506298904 
 0.109448618081728 
 9.36100425522759E-02 
 8.62999307694518E-02 
 0.097671215764956 
 0.101732388977636 
 0.101732388977636 
 0.117246070650074 
 0.151156866975953 
 0.16935092296876 
 0.162853045828471 
 0.168863582183238 
 9.94987437106621E-03 
 9.94987437106621E-03 
 9.94987437106621E-03 
 9.94987437106621E-03 
 9.94987437106621E-03 
 9.94987437106621E-03 
 7.37102938101435E-02 
 6.07551512616941E-02 
 6.29481847965413E-02 
 6.29481847965413E-02 
 6.29481847965413E-02 
 6.29481847965413E-02 
 0.102097894566777 
 0.122038255041037 
