 1.31988129412103E-02 
 1.31988129412103E-02 
 1.15743436561382E-02 
 0.269052725340056 
 6.68062993485874E-02 
 6.68062993485874E-02 
 1.96966900814984E-02 
 0.283754172369957 
 6.72124166698554E-02 
 6.96491205974634E-02 
 7.80557491477112E-02 
 9.76306040328292E-02 
 0.109651676742362 
 0.115743436561382 
 0.117124235453694 
 8.93458106789619E-02 
 0.09584368781925 
 0.097468157104322 
 0.099092626389394 
 0.099092626389394 
 9.89301794608869E-02 
 8.60968721088178E-02 
 0.104006645976737 
 0.111885322009336 
 0.111885322009336 
 0.142141062443803 
 0.114525084597578 
 0.113712849955042 
 0.122160090237417 
 0.11196654547359 
 8.91427520183278E-02 
 8.95488693395959E-02 
 0.103559916923342 
 0.114403249401198 
 0.125896369593083 
 0.107418031475388 
 3.26924443620747E-02 
 1.90469023674696E-02 
 9.94987437106621E-03 
 0.029565340988311 
 4.26423187331409E-02 
 4.26423187331409E-02 
 4.26423187331409E-02 
 3.61038298607259E-02 
 9.94987437106621E-03 
 9.94987437106621E-03 
 9.94987437106621E-03 
 9.94987437106621E-03 
 9.94987437106621E-03 
 3.26924443620747E-02 
 3.26924443620747E-02 
 3.26924443620747E-02 
 2.35954163656713E-02 
 3.61038298607259E-02 
 4.26423187331409E-02 
 4.26423187331409E-02 
 4.26423187331409E-02 
 0.029565340988311 
 9.94987437106621E-03 
 9.94987437106621E-03 
 9.94987437106621E-03 
 9.94987437106621E-03 
 9.94987437106621E-03 
 9.94987437106621E-03 
 3.26924443620747E-02 
 3.26924443620747E-02 
 3.26924443620747E-02 
 2.35954163656713E-02 
 2.30268521158961E-02 
 4.26423187331409E-02 
 4.26423187331409E-02 
 4.26423187331409E-02 
 4.26423187331409E-02 
 9.94987437106621E-03 
 9.94987437106621E-03 
 9.94987437106621E-03 
 9.94987437106621E-03 
 9.94987437106621E-03 
 9.94987437106621E-03 
 9.94987437106621E-03 
 9.94987437106621E-03 
 9.94987437106621E-03 
 9.94987437106621E-03 
 9.94987437106621E-03 
 3.26924443620747E-02 
 4.57694221069045E-02 
 6.53848887241494E-02 
 0.056287860727746 
 7.41164111314115E-02 
 0.09787427442559 
 6.51818300635154E-02 
 6.76185339911234E-02 
 8.41881206988581E-02 
 0.16033511843661 
 0.482467377666394 
 0.479055992167743 
 0.476781735168642 
 0.493676215733391 
 0.101732388977636 
 0.104250316369498 
 0.103153799602074 
 6.41665367603453E-02 
 7.72435145051752E-02 
 0.09685898112242 
 5.72625422987892E-02 
 5.72625422987892E-02 
 5.72625422987892E-02 
 2.45700979367145E-02 
 2.45700979367145E-02 
 2.45700979367145E-02 
 0.038946651109602 
 2.45700979367145E-02 
 4.27641539295213E-02 
 6.16892211006105E-02 
 0.047312667927723 
 0.049952430515965 
 5.13738411404031E-02 
 5.72625422987892E-02 
 9.17419028744431E-02 
 0.134749727196725 
 3.61038298607259E-02 
 9.94987437106621E-03 
 9.94987437106621E-03 
 9.94987437106621E-03 
 9.94987437106621E-03 
 9.94987437106621E-03 
 1.44983883692679E-02 
 3.26924443620747E-02 
 3.26924443620747E-02 
 3.26924443620747E-02 
 1.90469023674696E-02 
 9.94987437106621E-03 
 9.94987437106621E-03 
 9.94987437106621E-03 
 9.94987437106621E-03 
 9.94987437106621E-03 
 9.94987437106621E-03 
 0.029565340988311 
 4.26423187331409E-02 
 4.26423187331409E-02 
 4.26423187331409E-02 
 3.61038298607259E-02 
 9.94987437106621E-03 
 9.94987437106621E-03 
 9.94987437106621E-03 
 9.94987437106621E-03 
 9.94987437106621E-03 
 9.94987437106621E-03 
 9.94987437106621E-03 
 9.94987437106621E-03 
 9.94987437106621E-03 
 9.94987437106621E-03 
 9.94987437106621E-03 
 9.94987437106621E-03 
 9.94987437106621E-03 
 9.94987437106621E-03 
 1.44983883692679E-02 
 6.53848887241494E-02 
 6.53848887241494E-02 
 6.53848887241494E-02 
 5.17393467295443E-02 
 2.30268521158961E-02 
 9.94987437106621E-03 
 9.94987437106621E-03 
 9.94987437106621E-03 
 9.94987437106621E-03 
 9.94987437106621E-03 
 9.94987437106621E-03 
 9.94987437106621E-03 
 9.94987437106621E-03 
 9.94987437106621E-03 
 2.35954163656713E-02 
 3.26924443620747E-02 
 3.26924443620747E-02 
 3.26924443620747E-02 
 9.94987437106621E-03 
 9.94987437106621E-03 
 9.94987437106621E-03 
 9.94987437106621E-03 
 9.94987437106621E-03 
 9.94987437106621E-03 
 9.94987437106621E-03 
 9.94987437106621E-03 
 9.94987437106621E-03 
 0.028143930363873 
 6.53848887241494E-02 
 6.53848887241494E-02 
 6.08363747259476E-02 
 4.26423187331409E-02 
 2.30268521158961E-02 
 9.94987437106621E-03 
 1.31988129412103E-02 
 1.80722207964264E-02 
 1.80722207964264E-02 
 1.64477515113543E-02 
 1.29957542805763E-02 
 1.29957542805763E-02 
 1.29957542805763E-02 
 2.30674638480229E-02 
 4.45916818752273E-02 
 0.037119123163896 
 7.67561737196536E-02 
 8.26448748780397E-02 
 8.26448748780397E-02 
 0.105387444869048 
 7.92334893793884E-02 
 7.77308552906968E-02 
 8.57313665196766E-02 
 7.20858245250715E-02 
 7.20858245250715E-02 
 7.20858245250715E-02 
 7.33041764888755E-02 
 7.51317044345815E-02 
 7.51317044345815E-02 
 9.78336626934632E-02 
 0.128739190841959 
 9.42598302663047E-02 
 7.41164111314115E-02 
 6.97709557938438E-02 
 4.10178494480688E-02 
 4.10178494480688E-02 
 6.31106317250485E-02 
 6.31106317250485E-02 
 3.97994974842648E-02 
 3.79719695385588E-02 
 3.79719695385588E-02 
 3.79719695385588E-02 
 3.79719695385588E-02 
 3.34234555403571E-02 
 3.43575253792735E-02 
 6.53848887241494E-02 
 6.53848887241494E-02 
 6.53848887241494E-02 
 6.07551512616941E-02 
 3.88248159132216E-02 
 0.03732218182453 
 5.74656009594232E-02 
 6.31512434571753E-02 
 6.31512434571753E-02 
 6.31512434571753E-02 
 6.31512434571753E-02 
 8.67060480907198E-02 
 9.25947492491059E-02 
 0.101691777245509 
 0.115337319240114 
 0.165249138023953 
 0.192499610281036 
 0.199078710885578 
 0.212967923272944 
 0.186895191247537 
 0.148435880923457 
 0.15627394522393 
 0.177067152072852 
 0.152700112796771 
 0.153999688224829 
 0.154324582081843 
 0.280220951674926 
 0.186204791801382 
 0.102544623620172 
 0.10498132754778 
 0.129429590288114 
 0.188682107461117 
 0.200621956706396 
 0.207119833846684 
 0.198997487421324 
 0.16857930005835 
 0.171706403432114 
 0.163056104489105 
 0.160700624025751 
 0.169350922968759 
 0.160010224579595 
 0.154121523421209 
 0.150872584851065 
 0.150872584851065 
 0.166589325184137 
 0.176661034751584 
 0.201637250009566 
 0.199119322617704 
 0.205048635508217 
 0.232299107765301 
 6.53848887241494E-02 
 5.88463998517344E-02 
 1.44983883692679E-02 
 9.94987437106621E-03 
 9.94987437106621E-03 
 9.94987437106621E-03 
 9.94987437106621E-03 
 9.94987437106621E-03 
