 9.7468157104322E-03 
 9.7468157104322E-03 
 9.7468157104322E-03 
 9.7468157104322E-03 
 9.7468157104322E-03 
 9.7468157104322E-03 
 9.7468157104322E-03 
 9.7468157104322E-03 
 9.7468157104322E-03 
 9.7468157104322E-03 
 9.7468157104322E-03 
 9.7468157104322E-03 
 9.7468157104322E-03 
 9.7468157104322E-03 
 9.7468157104322E-03 
 9.7468157104322E-03 
 2.92404471312966E-02 
 2.92404471312966E-02 
 2.92404471312966E-02 
 2.14429945629508E-02 
 9.7468157104322E-03 
 0.026722519739435 
 5.21860757829391E-02 
 5.21860757829391E-02 
 5.21860757829391E-02 
 5.21860757829391E-02 
 9.7468157104322E-03 
 9.7468157104322E-03 
 9.7468157104322E-03 
 9.7468157104322E-03 
 9.7468157104322E-03 
 9.7468157104322E-03 
 9.7468157104322E-03 
 9.7468157104322E-03 
 9.7468157104322E-03 
 9.7468157104322E-03 
 9.7468157104322E-03 
 9.7468157104322E-03 
 9.7468157104322E-03 
 9.7468157104322E-03 
 9.7468157104322E-03 
 9.7468157104322E-03 
 9.7468157104322E-03 
 9.7468157104322E-03 
 9.7468157104322E-03 
 5.14956763367835E-02 
 7.16797072038035E-02 
 7.16797072038035E-02 
 7.16797072038035E-02 
 3.91090980381092E-02 
 9.7468157104322E-03 
 9.7468157104322E-03 
 9.7468157104322E-03 
 9.7468157104322E-03 
 9.7468157104322E-03 
 9.7468157104322E-03 
 2.14429945629508E-02 
 2.92404471312966E-02 
 2.92404471312966E-02 
 2.92404471312966E-02 
 9.7468157104322E-03 
 9.7468157104322E-03 
 9.7468157104322E-03 
 9.7468157104322E-03 
 5.21860757829391E-02 
 5.21860757829391E-02 
 5.21860757829391E-02 
 5.21860757829391E-02 
 0.026722519739435 
 9.7468157104322E-03 
 9.7468157104322E-03 
 9.7468157104322E-03 
 9.7468157104322E-03 
 9.7468157104322E-03 
 9.7468157104322E-03 
 9.7468157104322E-03 
 2.53417208471237E-02 
 2.92404471312966E-02 
 2.92404471312966E-02 
 2.53417208471237E-02 
 9.7468157104322E-03 
 5.21860757829391E-02 
 5.21860757829391E-02 
 5.21860757829391E-02 
 5.21860757829391E-02 
 0.026722519739435 
 9.7468157104322E-03 
 9.7468157104322E-03 
 9.7468157104322E-03 
 9.7468157104322E-03 
 9.7468157104322E-03 
 9.7468157104322E-03 
 9.7468157104322E-03 
 9.7468157104322E-03 
 9.7468157104322E-03 
 9.7468157104322E-03 
 9.7468157104322E-03 
 9.7468157104322E-03 
 9.7468157104322E-03 
 9.7468157104322E-03 
 9.7468157104322E-03 
 0.017544268278778 
 6.31918551893021E-02 
 7.16797072038035E-02 
 7.16797072038035E-02 
 0.056084802067112 
 3.52103717539363E-02 
 9.7468157104322E-03 
 9.7468157104322E-03 
 9.7468157104322E-03 
 9.7468157104322E-03 
 9.7468157104322E-03 
 0.017544268278778 
 2.92404471312966E-02 
 2.92404471312966E-02 
 2.92404471312966E-02 
 2.21333940091065E-02 
 5.21860757829391E-02 
 5.21860757829391E-02 
 5.21860757829391E-02 
 5.21860757829391E-02 
 1.82346677249336E-02 
 9.7468157104322E-03 
 9.7468157104322E-03 
 9.7468157104322E-03 
 9.7468157104322E-03 
 9.7468157104322E-03 
 9.7468157104322E-03 
 9.7468157104322E-03 
 2.14429945629508E-02 
 2.92404471312966E-02 
 2.92404471312966E-02 
 2.92404471312966E-02 
 9.7468157104322E-03 
 9.7468157104322E-03 
 9.7468157104322E-03 
 9.7468157104322E-03 
 9.7468157104322E-03 
 9.7468157104322E-03 
 9.7468157104322E-03 
 9.7468157104322E-03 
 9.7468157104322E-03 
 0.026722519739435 
 5.21860757829391E-02 
 5.21860757829391E-02 
 5.21860757829391E-02 
 0.056084802067112 
 2.92404471312966E-02 
 2.92404471312966E-02 
 2.92404471312966E-02 
 0.017544268278778 
 9.7468157104322E-03 
 9.7468157104322E-03 
 9.7468157104322E-03 
 9.7468157104322E-03 
 9.7468157104322E-03 
 9.7468157104322E-03 
 9.7468157104322E-03 
 9.7468157104322E-03 
 2.92404471312966E-02 
 2.92404471312966E-02 
 6.31918551893021E-02 
 6.38822546354577E-02 
 5.21860757829391E-02 
 5.21860757829391E-02 
 3.52103717539363E-02 
 9.7468157104322E-03 
 9.7468157104322E-03 
 9.7468157104322E-03 
 9.7468157104322E-03 
 9.7468157104322E-03 
 9.7468157104322E-03 
 9.7468157104322E-03 
 9.7468157104322E-03 
 9.7468157104322E-03 
 9.7468157104322E-03 
 9.7468157104322E-03 
 0.535871805413137 
 0.67801286785694 
 0.67801286785694 
 0.67801286785694 
 0.168863582183238 
 0.017544268278778 
 2.92404471312966E-02 
 2.92404471312966E-02 
 2.92404471312966E-02 
 0.639472334068606 
 0.635573607784433 
 0.726828169873355 
 0.787664544599302 
 0.161837752525301 
 0.170325604539803 
 0.204277012597808 
 0.396695399414591 
 0.9263129980802 
 0.830103804671809 
 0.796152396613804 
 0.787664544599302 
 0.181493830874673 
 0.186407850462016 
 9.51532883730944E-02 
 3.43169136471467E-02 
 0.186407850462016 
 0.198104029314534 
 0.20590148188288 
 0.20590148188288 
 0.20590148188288 
 0.312019937930211 
 0.814468287802991 
 0.814468287802991 
 0.822956139817492 
 0.731742189460697 
 0.231080755801497 
 0.231080755801497 
 5.21860757829391E-02 
 1.82346677249336E-02 
 2.14429945629508E-02 
 2.92404471312966E-02 
 5.60441903349852E-02 
 5.74656009594232E-02 
 3.79719695385588E-02 
 3.79719695385588E-02 
 0.028143930363873 
 0.63878193462245 
 0.636995018408871 
 0.735965809601885 
 1.13184897437394 
 0.506022182299938 
 0.526896612613114 
 7.31011178282415E-02 
 7.31011178282415E-02 
 7.31011178282415E-02 
 6.14049389757229E-02 
 1.55136816724379E-02 
 0.525150308131662 
 0.635573607784433 
 9.7468157104322E-03 
 9.7468157104322E-03 
 9.7468157104322E-03 
 9.7468157104322E-03 
 0.635573607784433 
 0.636467065891223 
 0.137145819392206 
 1.33206481375907E-02 
 2.71692487928298E-02 
 6.22577853503857E-02 
 6.25420674752733E-02 
 6.74154753304894E-02 
 9.42192185341779E-02 
 6.75779222589966E-02 
 0.256381864916494 
 0.132881587518892 
 3.72003466281496E-02 
 4.62161511602994E-02 
 4.24392600725069E-02 
 4.50790226607489E-02 
 8.92239754825814E-02 
 5.98210814227776E-02 
 4.08554025195616E-02 
 3.78907460743052E-02 
 0.046500433285187 
 4.38200589648181E-02 
 3.06618577557346E-02 
 5.52319556924491E-02 
 0.046297374624553 
 4.43480114824665E-02 
 0.059942916619158 
 5.84808942625932E-02 
 5.84808942625932E-02 
 5.13738411404031E-02 
 7.94771597721493E-02 
 8.38632268418437E-02 
 5.21860757829391E-02 
 5.21860757829391E-02 
 1.82346677249336E-02 
 9.7468157104322E-03 
 9.7468157104322E-03 
 9.7468157104322E-03 
 9.7468157104322E-03 
 9.7468157104322E-03 
 9.7468157104322E-03 
 9.7468157104322E-03 
 2.14429945629508E-02 
 2.92404471312966E-02 
 2.92404471312966E-02 
 2.92404471312966E-02 
 4.36982237684377E-02 
 5.21860757829391E-02 
