 3.80531930028124E-02 
 2.37984750263053E-02 
 1.17774023167722E-02 
 2.70880253285762E-02 
 5.11301707476423E-02 
 7.10705312219015E-02 
 7.71622910409216E-02 
 0.106402738172218 
 0.11298183877676 
 9.30008665703739E-02 
 9.30008665703739E-02 
 5.88870115838612E-02 
 1.01529330317002E-02 
 1.01529330317002E-02 
 1.01529330317002E-02 
 1.01529330317002E-02 
 1.01529330317002E-02 
 1.01529330317002E-02 
 1.01529330317002E-02 
 1.01529330317002E-02 
 1.01529330317002E-02 
 1.01529330317002E-02 
 1.01529330317002E-02 
 3.57383242715847E-02 
 5.27952517648411E-02 
 5.27952517648411E-02 
 5.27952517648411E-02 
 4.42667880182129E-02 
 1.55136816724379E-02 
 3.69566762353888E-02 
 3.69566762353888E-02 
 3.69566762353888E-02 
 2.08744303131756E-02 
 1.01529330317002E-02 
 1.01529330317002E-02 
 1.01529330317002E-02 
 1.01529330317002E-02 
 1.01529330317002E-02 
 1.01529330317002E-02 
 1.01529330317002E-02 
 4.42667880182129E-02 
 5.27952517648411E-02 
 5.27952517648411E-02 
 5.27952517648411E-02 
 3.57383242715847E-02 
 1.55136816724379E-02 
 3.69566762353888E-02 
 3.69566762353888E-02 
 3.69566762353888E-02 
 2.08744303131756E-02 
 1.01529330317002E-02 
 1.01529330317002E-02 
 1.01529330317002E-02 
 1.01529330317002E-02 
 5.27952517648411E-02 
 5.27952517648411E-02 
 5.27952517648411E-02 
 5.27952517648411E-02 
 2.72098605249566E-02 
 1.01529330317002E-02 
 1.01529330317002E-02 
 1.01529330317002E-02 
 1.01529330317002E-02 
 1.01529330317002E-02 
 1.01529330317002E-02 
 3.15959275946511E-02 
 3.69566762353888E-02 
 3.69566762353888E-02 
 7.42382463277919E-02 
 5.27952517648411E-02 
 5.27952517648411E-02 
 5.27952517648411E-02 
 2.72098605249566E-02 
 1.01529330317002E-02 
 1.01529330317002E-02 
 1.01529330317002E-02 
 1.01529330317002E-02 
 1.55136816724379E-02 
 3.69566762353888E-02 
 3.69566762353888E-02 
 0.07769024355857 
 0.101488718584875 
 0.124881076289913 
 0.126505545574985 
 0.10701191415412 
 0.11692117679306 
 6.63595702951926E-02 
 5.15768998010371E-02 
 9.27978079097399E-02 
 0.110260852724264 
 0.110260852724264 
 0.110260852724264 
 0.1048594923514 
 0.09787427442559 
 4.26423187331409E-02 
 2.39609219548125E-02 
 2.23364526697405E-02 
 3.30579499512159E-02 
 0.049140195873429 
 8.32540508599417E-02 
 9.17825146065699E-02 
 0.070339520043619 
 5.27952517648411E-02 
 3.57383242715847E-02 
 1.01529330317002E-02 
 1.01529330317002E-02 
 1.01529330317002E-02 
 1.01529330317002E-02 
 1.01529330317002E-02 
 1.01529330317002E-02 
 1.01529330317002E-02 
 0.011208838066997 
 1.27926956199423E-02 
 1.27926956199423E-02 
 1.27926956199423E-02 
 5.17799584616711E-02 
 6.76185339911234E-02 
 0.257843887273059 
 0.318192921213485 
 0.296262585865012 
 0.270677194625128 
 0.254594948702914 
 0.243873451421439 
 0.242817546386142 
 0.241233688833197 
 0.250493163758108 
 0.282738879066787 
 0.298090113810718 
 0.298090113810718 
 0.147339364156033 
 0.109651676742362 
 0.113712849955042 
 5.27952517648411E-02 
 3.57383242715847E-02 
 1.01529330317002E-02 
 1.01529330317002E-02 
 1.01529330317002E-02 
 1.01529330317002E-02 
 1.55136816724379E-02 
 3.69566762353888E-02 
 3.69566762353888E-02 
 3.69566762353888E-02 
 2.08744303131756E-02 
 1.01529330317002E-02 
 1.01529330317002E-02 
 1.01529330317002E-02 
 1.01529330317002E-02 
 1.01529330317002E-02 
 1.01529330317002E-02 
 1.01529330317002E-02 
 1.01529330317002E-02 
 1.01529330317002E-02 
 1.01529330317002E-02 
 1.01529330317002E-02 
 1.01529330317002E-02 
 2.72098605249566E-02 
 5.27952517648411E-02 
 5.27952517648411E-02 
 5.27952517648411E-02 
 5.27952517648411E-02 
 1.01529330317002E-02 
 1.01529330317002E-02 
 3.69566762353888E-02 
 3.69566762353888E-02 
 3.69566762353888E-02 
 2.62351789539133E-02 
 1.01529330317002E-02 
 1.01529330317002E-02 
 1.01529330317002E-02 
 1.01529330317002E-02 
 1.01529330317002E-02 
 1.01529330317002E-02 
 1.01529330317002E-02 
 1.55136816724379E-02 
 7.10705312219015E-02 
 7.95989949685297E-02 
 7.95989949685297E-02 
 6.35167490463165E-02 
 3.57383242715847E-02 
 1.01529330317002E-02 
 1.01529330317002E-02 
 1.01529330317002E-02 
 1.01529330317002E-02 
 1.01529330317002E-02 
 1.01529330317002E-02 
 1.01529330317002E-02 
 1.01529330317002E-02 
 1.01529330317002E-02 
 1.01529330317002E-02 
 1.01529330317002E-02 
 6.70093580092214E-02 
 7.55378217558496E-02 
 0.109651676742362 
 0.116230777346904 
 0.112697556651872 
 0.112697556651872 
 4.54851399820169E-02 
 1.01529330317002E-02 
 1.01529330317002E-02 
 1.01529330317002E-02 
 1.01529330317002E-02 
 1.01529330317002E-02 
 1.01529330317002E-02 
 1.01529330317002E-02 
 1.01529330317002E-02 
 1.01529330317002E-02 
 4.42667880182129E-02 
 5.81560004055788E-02 
 7.95989949685297E-02 
 7.95989949685297E-02 
 6.25420674752733E-02 
 2.08744303131756E-02 
 1.01529330317002E-02 
 1.01529330317002E-02 
 5.27546400327143E-02 
 0.297034208775421 
 0.442870938842763 
 0.442870938842763 
 0.709933689308605 
 0.442870938842763 
 0.366195988587363 
 5.94961875657632E-02 
 5.06022182299938E-02 
 3.87842041810948E-02 
 3.87842041810948E-02 
 8.19544754318841E-02 
 8.94270341432154E-02 
 0.110870028706166 
 0.110870028706166 
 8.52846374662818E-02 
 0.056897036709648 
 0.101732388977636 
 0.126099428253717 
 0.126099428253717 
 0.126099428253717 
 0.126099428253717 
 0.127602062342408 
 0.147501811084541 
 0.148232822262823 
 0.142709626693578 
 0.211018560130857 
 0.220115588127261 
 0.221699445680206 
 0.201312356152552 
 0.117124235453694 
 6.98521792580974E-02 
 6.98521792580974E-02 
 8.44724028237458E-02 
 0.127114721556887 
 0.156355168688183 
 0.116555671203918 
 0.123419053933348 
 0.132597305394005 
 0.114565696329705 
 0.128251850056437 
 0.191931046031261 
 0.16935092296876 
 0.200418898045762 
 0.192052881227641 
 0.401487583805553 
 0.665991795147407 
 0.680084066195407 
 0.560157621224964 
 0.11196654547359 
 0.159360436865567 
 0.17950385600046 
 0.22202433953722 
 0.222755350715503 
 0.525759484113564 
 0.308080599913911 
 0.300120700417058 
 0.303369638987202 
 0.483848176558705 
 0.383862092062522 
 0.260727320254061 
 0.259387133093877 
 0.157573520651987 
 0.166101984398615 
 0.151238090440206 
 0.133206481375907 
 0.121672749451895 
 0.115337319240114 
 0.111276146027434 
 0.125084134950547 
 0.214836062950776 
 0.160416341900863 
 0.158791872615791 
 0.190469023674696 
