 6.70093580092214E-03 
 6.70093580092214E-03 
 6.70093580092214E-03 
 6.70093580092214E-03 
 1.47420587620287E-02 
 0.046906550606455 
 0.046906550606455 
 0.046906550606455 
 0.046906550606455 
 1.47420587620287E-02 
 6.70093580092214E-03 
 6.70093580092214E-03 
 6.70093580092214E-03 
 6.70093580092214E-03 
 6.70093580092214E-03 
 6.70093580092214E-03 
 6.70093580092214E-03 
 6.70093580092214E-03 
 6.70093580092214E-03 
 2.27831817231353E-02 
 0.046906550606455 
 0.046906550606455 
 0.046906550606455 
 0.046906550606455 
 3.65911706462476E-02 
 4.40637293575789E-02 
 4.40637293575789E-02 
 4.40637293575789E-02 
 1.41734945122535E-02 
 6.70093580092214E-03 
 6.70093580092214E-03 
 6.70093580092214E-03 
 6.70093580092214E-03 
 6.70093580092214E-03 
 6.70093580092214E-03 
 6.70093580092214E-03 
 6.70093580092214E-03 
 6.70093580092214E-03 
 6.70093580092214E-03 
 6.70093580092214E-03 
 1.41734945122535E-02 
 4.40637293575789E-02 
 8.42693441631117E-02 
 8.42693441631117E-02 
 7.67967854517804E-02 
 0.046906550606455 
 2.27831817231353E-02 
 6.70093580092214E-03 
 6.70093580092214E-03 
 6.70093580092214E-03 
 6.70093580092214E-03 
 6.70093580092214E-03 
 6.70093580092214E-03 
 6.70093580092214E-03 
 4.40637293575789E-02 
 4.40637293575789E-02 
 0.060145975279792 
 8.42693441631117E-02 
 0.046906550606455 
 0.046906550606455 
 0.046906550606455 
 6.70093580092214E-03 
 6.70093580092214E-03 
 6.70093580092214E-03 
 6.70093580092214E-03 
 6.70093580092214E-03 
 6.70093580092214E-03 
 6.70093580092214E-03 
 6.70093580092214E-03 
 1.47420587620287E-02 
 6.31512434571753E-02 
 7.00552379187315E-02 
 7.77714670228236E-02 
 9.97018023712961E-02 
 0.077284126237302 
 6.69687462770946E-02 
 0.09685898112242 
 0.09685898112242 
 4.40637293575789E-02 
 3.65911706462476E-02 
 6.70093580092214E-03 
 6.70093580092214E-03 
 6.70093580092214E-03 
 6.70093580092214E-03 
 6.70093580092214E-03 
 3.88654276453484E-02 
 0.046906550606455 
 0.046906550606455 
 0.046906550606455 
 6.81870982408986E-02 
 4.40637293575789E-02 
 4.40637293575789E-02 
 4.40637293575789E-02 
 6.70093580092214E-03 
 6.70093580092214E-03 
 6.70093580092214E-03 
 6.70093580092214E-03 
 6.70093580092214E-03 
 6.70093580092214E-03 
 0.046906550606455 
 0.046906550606455 
 0.046906550606455 
 0.046906550606455 
 2.27831817231353E-02 
 6.70093580092214E-03 
 6.70093580092214E-03 
 6.70093580092214E-03 
 6.70093580092214E-03 
 6.70093580092214E-03 
 6.70093580092214E-03 
 6.70093580092214E-03 
 6.70093580092214E-03 
 2.91186119349162E-02 
 0.060145975279792 
 8.42693441631117E-02 
 8.42693441631117E-02 
 6.18516680291177E-02 
 0.046906550606455 
 6.70093580092214E-03 
 6.70093580092214E-03 
 6.70093580092214E-03 
 6.70093580092214E-03 
 6.70093580092214E-03 
 6.70093580092214E-03 
 6.70093580092214E-03 
 6.70093580092214E-03 
 6.70093580092214E-03 
 6.70093580092214E-03 
 6.70093580092214E-03 
 6.70093580092214E-03 
 2.91186119349162E-02 
 4.40637293575789E-02 
 0.060145975279792 
 8.42693441631117E-02 
 6.18516680291177E-02 
 0.046906550606455 
 0.046906550606455 
 6.70093580092214E-03 
 6.70093580092214E-03 
 6.70093580092214E-03 
 6.70093580092214E-03 
 6.70093580092214E-03 
 6.70093580092214E-03 
 6.70093580092214E-03 
 6.70093580092214E-03 
 6.70093580092214E-03 
 2.16460532235848E-02 
 4.40637293575789E-02 
 7.62282212020052E-02 
 8.42693441631117E-02 
 0.069324226740449 
 0.046906550606455 
 3.08243046842418E-02 
 6.70093580092214E-03 
 6.70093580092214E-03 
 6.70093580092214E-03 
 6.70093580092214E-03 
 6.70093580092214E-03 
 6.70093580092214E-03 
 6.70093580092214E-03 
 6.70093580092214E-03 
 6.70093580092214E-03 
 6.70093580092214E-03 
 2.27831817231353E-02 
 0.046906550606455 
 0.046906550606455 
 0.046906550606455 
 0.046906550606455 
 6.70093580092214E-03 
 6.70093580092214E-03 
 3.65911706462476E-02 
 4.40637293575789E-02 
 4.40637293575789E-02 
 4.40637293575789E-02 
 1.41734945122535E-02 
 6.70093580092214E-03 
 6.70093580092214E-03 
 6.70093580092214E-03 
 6.70093580092214E-03 
 6.70093580092214E-03 
 6.70093580092214E-03 
 0.046906550606455 
 0.046906550606455 
 8.42693441631117E-02 
 8.42693441631117E-02 
 0.060145975279792 
 4.40637293575789E-02 
 6.70093580092214E-03 
 6.70093580092214E-03 
 6.70093580092214E-03 
 6.70093580092214E-03 
 6.70093580092214E-03 
 6.70093580092214E-03 
 6.70093580092214E-03 
 6.70093580092214E-03 
 3.33422320761035E-02 
 0.139217017730673 
 0.515119210296342 
 0.461349276960457 
 0.446404159537795 
 0.423986483403801 
 8.00863357540513E-02 
 0.295247292561842 
 0.283063772923802 
 0.283063772923802 
 0.283063772923802 
 0.242858158118269 
 0.217557049003272 
 7.89898189866276E-02 
 7.89898189866276E-02 
 7.89898189866276E-02 
 4.78000087132446E-02 
 2.13211593665704E-02 
 4.78812321774982E-02 
 4.16270254299709E-02 
 5.90494585123684E-02 
 8.50409670735209E-02 
 6.25420674752733E-02 
 7.36290703458899E-02 
 9.77524392292096E-02 
 9.05641626427659E-02 
 0.139988640641082 
 0.205414141097359 
 8.52846374662818E-02 
 0.357708136572862 
 7.03395200436191E-02 
 0.047921843909625 
 0.047921843909625 
 0.047921843909625 
 0.169026029111745 
 0.249762152579825 
 0.240015336869393 
 0.237578632941785 
 0.26340769457443 
 0.289967767385358 
 0.168863582183238 
 8.81274587151578E-02 
 8.81274587151578E-02 
 0.047921843909625 
 0.047921843909625 
 0.828235664993976 
 0.438078754451801 
 0.047921843909625 
 8.52846374662818E-02 
 8.77213413938898E-02 
 8.52846374662818E-02 
 8.52846374662818E-02 
 0.096249805140518 
 9.21886319278379E-02 
 8.81274587151578E-02 
 8.08173469323337E-02 
 0.056693978049014 
 5.27952517648411E-02 
 0.329767264869623 
 7.14766485431695E-02 
 0.047921843909625 
 0.047921843909625 
 0.047921843909625 
 0.050358547837233 
 5.14550646046567E-02 
 5.38105450680111E-02 
 5.38105450680111E-02 
 5.38105450680111E-02 
 0.114159579008437 
 0.157776579312621 
 0.147014470299019 
 0.150466467529797 
 0.157776579312621 
 8.02081709504317E-02 
 9.30008665703739E-02 
 8.75182827332558E-02 
 0.106524573368599 
 0.115946495222016 
 0.103762975583976 
 0.112332051062731 
 8.63405425015786E-02 
 8.77213413938898E-02 
 0.134262386411204 
 0.148232822262823 
 0.157979637973255 
 0.150669526190431 
 0.125652699200322 
 6.70093580092214E-03 
 6.70093580092214E-03 
 6.70093580092214E-03 
 6.70093580092214E-03 
 3.88654276453484E-02 
 0.046906550606455 
