 1.11682263348702E-02 
 1.11682263348702E-02 
 1.11682263348702E-02 
 1.11682263348702E-02 
 1.11682263348702E-02 
 1.11682263348702E-02 
 1.11682263348702E-02 
 1.11682263348702E-02 
 1.11682263348702E-02 
 1.11682263348702E-02 
 1.11682263348702E-02 
 1.11682263348702E-02 
 1.11682263348702E-02 
 1.11682263348702E-02 
 1.11682263348702E-02 
 1.11682263348702E-02 
 1.11682263348702E-02 
 1.11682263348702E-02 
 1.11682263348702E-02 
 1.11682263348702E-02 
 1.11682263348702E-02 
 1.11682263348702E-02 
 1.11682263348702E-02 
 1.11682263348702E-02 
 1.11682263348702E-02 
 1.11682263348702E-02 
 1.11682263348702E-02 
 1.11682263348702E-02 
 1.11682263348702E-02 
 1.11682263348702E-02 
 1.11682263348702E-02 
 1.11682263348702E-02 
 1.11682263348702E-02 
 1.11682263348702E-02 
 1.11682263348702E-02 
 1.11682263348702E-02 
 1.11682263348702E-02 
 1.11682263348702E-02 
 1.11682263348702E-02 
 1.11682263348702E-02 
 1.11682263348702E-02 
 1.11682263348702E-02 
 1.11682263348702E-02 
 1.11682263348702E-02 
 1.11682263348702E-02 
 1.11682263348702E-02 
 1.11682263348702E-02 
 1.11682263348702E-02 
 1.11682263348702E-02 
 1.11682263348702E-02 
 1.11682263348702E-02 
 1.11682263348702E-02 
 1.11682263348702E-02 
 1.11682263348702E-02 
 1.11682263348702E-02 
 1.11682263348702E-02 
 1.11682263348702E-02 
 1.11682263348702E-02 
 1.11682263348702E-02 
 1.11682263348702E-02 
 1.11682263348702E-02 
 1.11682263348702E-02 
 1.11682263348702E-02 
 1.11682263348702E-02 
 1.11682263348702E-02 
 1.11682263348702E-02 
 1.11682263348702E-02 
 1.11682263348702E-02 
 1.11682263348702E-02 
 1.11682263348702E-02 
 1.11682263348702E-02 
 1.11682263348702E-02 
 1.11682263348702E-02 
 1.11682263348702E-02 
 1.11682263348702E-02 
 1.11682263348702E-02 
 1.11682263348702E-02 
 1.11682263348702E-02 
 1.11682263348702E-02 
 1.11682263348702E-02 
 1.11682263348702E-02 
 1.11682263348702E-02 
 1.11682263348702E-02 
 1.11682263348702E-02 
 1.11682263348702E-02 
 1.11682263348702E-02 
 1.11682263348702E-02 
 1.11682263348702E-02 
 1.11682263348702E-02 
 1.11682263348702E-02 
 1.11682263348702E-02 
 1.11682263348702E-02 
 1.11682263348702E-02 
 1.11682263348702E-02 
 1.11682263348702E-02 
 1.11682263348702E-02 
 1.11682263348702E-02 
 1.11682263348702E-02 
 1.11682263348702E-02 
 1.11682263348702E-02 
 1.11682263348702E-02 
 1.11682263348702E-02 
 1.11682263348702E-02 
 1.11682263348702E-02 
 1.11682263348702E-02 
 1.11682263348702E-02 
 1.11682263348702E-02 
 1.11682263348702E-02 
 1.11682263348702E-02 
 1.11682263348702E-02 
 1.11682263348702E-02 
 1.11682263348702E-02 
 1.11682263348702E-02 
 1.11682263348702E-02 
 1.11682263348702E-02 
 1.11682263348702E-02 
 1.11682263348702E-02 
 1.11682263348702E-02 
 1.11682263348702E-02 
 1.11682263348702E-02 
 1.11682263348702E-02 
 1.11682263348702E-02 
 1.11682263348702E-02 
 1.11682263348702E-02 
 1.11682263348702E-02 
 1.11682263348702E-02 
 1.11682263348702E-02 
 1.11682263348702E-02 
 1.11682263348702E-02 
 1.11682263348702E-02 
 1.11682263348702E-02 
 1.11682263348702E-02 
 1.11682263348702E-02 
 1.11682263348702E-02 
 1.11682263348702E-02 
 1.11682263348702E-02 
 1.11682263348702E-02 
 1.11682263348702E-02 
 1.11682263348702E-02 
 1.11682263348702E-02 
 0.238878208369843 
 1.11682263348702E-02 
 0.238878208369842 
 1.11682263348702E-02 
 0.238878208369842 
 1.11682263348702E-02 
 1.11682263348702E-02 
 1.11682263348702E-02 
 1.66508101719883E-02 
 3.85811455204608E-02 
 7.10705312219015E-02 
 7.16390954716767E-02 
 4.14239667693369E-02 
 0.269133948804309 
 4.14239667693369E-02 
 4.14239667693369E-02 
 4.14239667693369E-02 
 4.14239667693369E-02 
 4.14239667693369E-02 
 4.14239667693369E-02 
 4.14239667693369E-02 
 4.14239667693369E-02 
 0.267428256054983 
 4.14239667693369E-02 
 4.54851399820169E-02 
 4.14239667693369E-02 
 4.14239667693369E-02 
 4.14239667693369E-02 
 0.193230621459318 
 0.117327294114328 
 4.14239667693369E-02 
 4.14239667693369E-02 
 4.14239667693369E-02 
 4.14239667693369E-02 
 4.08554025195616E-02 
 3.85811455204608E-02 
 3.85811455204608E-02 
 4.00431678770256E-02 
 4.22362014118729E-02 
 4.22362014118729E-02 
 4.22362014118729E-02 
 4.22362014118729E-02 
 4.22362014118729E-02 
 4.22362014118729E-02 
 4.22362014118729E-02 
 4.22362014118729E-02 
 4.22362014118729E-02 
 4.22362014118729E-02 
 4.22362014118729E-02 
 4.22362014118729E-02 
 4.22362014118729E-02 
 4.22362014118729E-02 
 0.102179118031031 
 0.050764665158501 
 0.050764665158501 
 0.050764665158501 
 0.050764665158501 
 0.111194922563181 
 0.050764665158501 
 0.050764665158501 
 6.24608440110197E-02 
 0.136171137821163 
 0.455866693123339 
 0.45992786633602 
 0.428453773937749 
 0.428453773937749 
 5.82778356019592E-02 
 0.103600528655469 
 0.07565965695223 
 6.11206568508353E-02 
 5.63690841919996E-02 
 3.73627935566568E-02 
 0.259427744826004 
 0.592525171730024 
 0.592525171730024 
 0.481492696095351 
 3.73627935566568E-02 
 3.97994974842648E-02 
 6.39228663675845E-02 
 6.00647518155384E-02 
 7.10299194897747E-02 
 0.312547890447859 
 7.04613552399995E-02 
 0.377973390904135 
 0.260889767182569 
 0.174995953734385 
 0.120576232684472 
 0.163584057006754 
 7.14766485431695E-02 
 7.31823412924951E-02 
 7.43194697920455E-02 
 7.43194697920455E-02 
 7.43194697920455E-02 
 7.43194697920455E-02 
 7.31823412924951E-02 
 5.76686596200572E-02 
 7.49692575060743E-02 
 8.65029894300858E-02 
 8.65029894300858E-02 
 7.53753748273424E-02 
 5.29170869612215E-02 
 0.028143930363873 
 2.70068018643226E-02 
 2.70068018643226E-02 
 2.70068018643226E-02 
 2.92810588634234E-02 
 4.20331427512389E-02 
 7.89898189866276E-02 
 0.1150124253831 
 0.156070886563296 
 1.11682263348702E-02 
 1.11682263348702E-02 
 1.11682263348702E-02 
 1.11682263348702E-02 
 1.11682263348702E-02 
 1.11682263348702E-02 
 1.11682263348702E-02 
 1.11682263348702E-02 
 1.11682263348702E-02 
 1.11682263348702E-02 
 1.11682263348702E-02 
 1.11682263348702E-02 
 1.11682263348702E-02 
 1.11682263348702E-02 
 1.11682263348702E-02 
 1.11682263348702E-02 
 1.11682263348702E-02 
 1.11682263348702E-02 
 1.11682263348702E-02 
 1.11682263348702E-02 
 1.11682263348702E-02 
 1.11682263348702E-02 
 1.11682263348702E-02 
 1.11682263348702E-02 
 1.11682263348702E-02 
 1.11682263348702E-02 
 1.11682263348702E-02 
 1.11682263348702E-02 
 1.11682263348702E-02 
 1.11682263348702E-02 
 1.11682263348702E-02 
 1.11682263348702E-02 
 1.11682263348702E-02 
 1.11682263348702E-02 
 1.11682263348702E-02 
 1.11682263348702E-02 
 1.11682263348702E-02 
 1.11682263348702E-02 
