 9.13763972853019E-03 
 9.13763972853019E-03 
 9.13763972853019E-03 
 9.13763972853019E-03 
 9.13763972853019E-03 
 9.13763972853019E-03 
 9.13763972853019E-03 
 9.13763972853019E-03 
 9.13763972853019E-03 
 3.25299974335675E-02 
 3.83780868598268E-02 
 3.83780868598268E-02 
 3.83780868598268E-02 
 1.49857291547895E-02 
 9.13763972853019E-03 
 9.13763972853019E-03 
 9.13763972853019E-03 
 9.13763972853019E-03 
 9.13763972853019E-03 
 4.08147907874348E-02 
 0.048734078552161 
 0.048734078552161 
 0.048734078552161 
 3.28955030227087E-02 
 9.13763972853019E-03 
 9.13763972853019E-03 
 3.83780868598268E-02 
 3.83780868598268E-02 
 3.83780868598268E-02 
 3.83780868598268E-02 
 9.13763972853019E-03 
 9.13763972853019E-03 
 2.49762152579825E-02 
 0.048734078552161 
 0.048734078552161 
 0.048734078552161 
 0.048734078552161 
 9.13763972853019E-03 
 9.13763972853019E-03 
 9.13763972853019E-03 
 9.13763972853019E-03 
 9.13763972853019E-03 
 9.13763972853019E-03 
 9.13763972853019E-03 
 9.13763972853019E-03 
 9.13763972853019E-03 
 3.25299974335675E-02 
 3.83780868598268E-02 
 3.83780868598268E-02 
 3.83780868598268E-02 
 1.49857291547895E-02 
 9.13763972853019E-03 
 9.13763972853019E-03 
 9.13763972853019E-03 
 9.13763972853019E-03 
 4.08147907874348E-02 
 0.048734078552161 
 0.048734078552161 
 0.048734078552161 
 3.28955030227087E-02 
 9.13763972853019E-03 
 2.08338185810488E-02 
 3.83780868598268E-02 
 3.83780868598268E-02 
 3.83780868598268E-02 
 2.66819080073081E-02 
 9.13763972853019E-03 
 9.13763972853019E-03 
 9.13763972853019E-03 
 0.048734078552161 
 0.048734078552161 
 0.048734078552161 
 0.048734078552161 
 5.10895590155155E-02 
 3.83780868598268E-02 
 3.83780868598268E-02 
 0.050561606497867 
 6.05114808689333E-02 
 3.65099471819939E-02 
 1.91281258317232E-02 
 1.86813967783284E-02 
 1.86813967783284E-02 
 4.36576120363109E-02 
 0.097265098443688 
 0.105387444869048 
 0.09482839451608 
 0.09685898112242 
 6.47351010101205E-02 
 4.37388355005645E-02 
 4.88965254806682E-02 
 6.74154753304894E-02 
 6.59534529739246E-02 
 5.68564249775212E-02 
 5.68564249775212E-02 
 0.227588146838592 
 0.165614643613094 
 8.60968721088178E-02 
 8.20356988961377E-02 
 5.40948271928987E-02 
 3.65505589141208E-02 
 7.61469977377516E-02 
 7.61469977377516E-02 
 7.61469977377516E-02 
 7.61469977377516E-02 
 2.49762152579825E-02 
 9.13763972853019E-03 
 9.13763972853019E-03 
 2.08338185810488E-02 
 3.83780868598268E-02 
 3.83780868598268E-02 
 3.83780868598268E-02 
 2.66819080073081E-02 
 0.608688641116491 
 0.849353765699913 
 0.642477602245989 
 0.650396890010715 
 0.292648141705727 
 0.048734078552161 
 3.28955030227087E-02 
 9.13763972853019E-03 
 9.13763972853019E-03 
 9.13763972853019E-03 
 9.13763972853019E-03 
 9.13763972853019E-03 
 9.13763972853019E-03 
 3.83780868598268E-02 
 3.83780868598268E-02 
 3.83780868598268E-02 
 3.83780868598268E-02 
 9.13763972853019E-03 
 9.13763972853019E-03 
 9.13763972853019E-03 
 9.13763972853019E-03 
 9.13763972853019E-03 
 9.13763972853019E-03 
 9.13763972853019E-03 
 9.13763972853019E-03 
 9.13763972853019E-03 
 9.13763972853019E-03 
 9.13763972853019E-03 
 3.83780868598268E-02 
 5.42166623892791E-02 
 7.79745256834576E-02 
 7.79745256834576E-02 
 0.048734078552161 
 0.048734078552161 
 9.13763972853019E-03 
 9.13763972853019E-03 
 9.13763972853019E-03 
 9.13763972853019E-03 
 9.13763972853019E-03 
 9.13763972853019E-03 
 9.13763972853019E-03 
 9.13763972853019E-03 
 9.13763972853019E-03 
 2.49762152579825E-02 
 0.048734078552161 
 0.048734078552161 
 0.048734078552161 
 0.048734078552161 
 9.13763972853019E-03 
 9.13763972853019E-03 
 3.25299974335675E-02 
 3.83780868598268E-02 
 3.83780868598268E-02 
 3.83780868598268E-02 
 1.49857291547895E-02 
 9.13763972853019E-03 
 9.13763972853019E-03 
 9.13763972853019E-03 
 9.13763972853019E-03 
 9.13763972853019E-03 
 9.13763972853019E-03 
 9.13763972853019E-03 
 6.00241400834116E-02 
 0.123906394718869 
 0.132597305394005 
 0.110870028706166 
 8.26854866101665E-02 
 0.258128169397946 
 0.619125856273079 
 0.619125856273079 
 0.619125856273079 
 0.378460731689657 
 1.74630448145244E-02 
 0.017950385600046 
 1.98997487421324E-02 
 2.78190365068586E-02 
 5.56786847458439E-02 
 5.65721428526336E-02 
 5.11707824797691E-02 
 5.11707824797691E-02 
 0.223526973625912 
 0.771907192534104 
 0.550898146300053 
 0.44888147519753 
 4.08147907874349E-02 
 0.269864959982592 
 0.411193787783859 
 1.01285659924241 
 1.01285659924241 
 1.01285659924241 
 0.048734078552161 
 0.048734078552161 
 0.048734078552161 
 0.048734078552161 
 4.25204835367605E-02 
 3.83780868598268E-02 
 3.83780868598268E-02 
 3.83780868598268E-02 
 2.08338185810488E-02 
 9.13763972853019E-03 
 9.13763972853019E-03 
 9.13763972853019E-03 
 9.13763972853019E-03 
 9.13763972853019E-03 
 4.08147907874348E-02 
 0.048734078552161 
 0.048734078552161 
 0.048734078552161 
 3.28955030227087E-02 
 9.13763972853019E-03 
 0.922698553920915 
 1.14931201918846E-02 
 3.25706091656943E-02 
 5.50695087639419E-02 
 7.12735898825355E-02 
 7.12735898825355E-02 
 5.37293216037575E-02 
 4.20331427512389E-02 
 4.20331427512389E-02 
 4.20331427512389E-02 
 0.321076354194487 
 1.12677250785809 
 1.12677250785809 
 0.930861512078402 
 0.616689152345471 
 1.50263408869163E-02 
 1.03153799602074E-02 
 4.87746902842878E-02 
 0.07565965695223 
 0.111479204688068 
 0.116799341596679 
 0.085040967073521 
 0.150791361386812 
 0.207322892507318 
 6.18110562969909E-02 
 7.83806430047256E-02 
 8.81274587151578E-02 
 8.87366346970598E-02 
 7.35072351495095E-02 
 0.225354501571618 
 0.720655186590081 
 0.712492228432594 
 0.699699532812652 
 0.540176649018578 
 5.29983104254751E-02 
 6.48569362065009E-02 
 8.26042631459129E-02 
 7.85837016653596E-02 
 6.05520926010601E-02 
 5.45415562462935E-02 
 7.87867603259936E-02 
 0.343412806864228 
 0.731214236943049 
 0.723091890517689 
 0.722482714535787 
 0.478568651382221 
 0.139826193712575 
 0.139501299855561 
 0.155745992706281 
 0.164680573774177 
 0.163096716221232 
 0.157898414509002 
 0.141734945122535 
 0.116718118132426 
 1.70569274932563E-02 
 0.048734078552161 
 0.048734078552161 
 0.048734078552161 
 0.048734078552161 
 3.46011957720343E-02 
 9.36100425522759E-02 
 8.77213413938898E-02 
 3.83780868598268E-02 
 2.08338185810488E-02 
 9.13763972853019E-03 
 9.13763972853019E-03 
