 1.09651676742362E-02 
 1.82752794570604E-02 
 0.231608708319145 
 0.164721185506304 
 6.31512434571753E-02 
 7.12735898825355E-02 
 6.34355255820629E-02 
 0.050358547837233 
 6.17298328327373E-02 
 6.61971233666854E-02 
 5.76686596200572E-02 
 0.152740724528898 
 1.09651676742362E-02 
 1.09651676742362E-02 
 0.048531019891527 
 0.048531019891527 
 0.048531019891527 
 0.048531019891527 
 2.59915085611525E-02 
 1.09651676742362E-02 
 1.09651676742362E-02 
 1.09651676742362E-02 
 1.09651676742362E-02 
 0.026925578400069 
 3.75658522172908E-02 
 3.75658522172908E-02 
 3.75658522172908E-02 
 3.35046790046107E-02 
 0.048531019891527 
 0.048531019891527 
 0.048531019891527 
 4.10178494480688E-02 
 1.09651676742362E-02 
 1.09651676742362E-02 
 1.09651676742362E-02 
 0.021605441491458 
 3.75658522172908E-02 
 3.75658522172908E-02 
 3.75658522172908E-02 
 1.62853045828471E-02 
 1.09651676742362E-02 
 1.09651676742362E-02 
 1.09651676742362E-02 
 0.048531019891527 
 0.048531019891527 
 0.048531019891527 
 0.048531019891527 
 2.59915085611525E-02 
 1.09651676742362E-02 
 1.09651676742362E-02 
 1.09651676742362E-02 
 1.09651676742362E-02 
 1.09651676742362E-02 
 1.09651676742362E-02 
 1.09651676742362E-02 
 1.62853045828471E-02 
 3.75658522172908E-02 
 7.51317044345815E-02 
 7.51317044345815E-02 
 5.91712937087488E-02 
 0.048531019891527 
 2.59915085611525E-02 
 1.09651676742362E-02 
 1.09651676742362E-02 
 1.09651676742362E-02 
 1.09651676742362E-02 
 1.09651676742362E-02 
 1.09651676742362E-02 
 1.09651676742362E-02 
 3.75658522172908E-02 
 3.75658522172908E-02 
 3.75658522172908E-02 
 0.026925578400069 
 1.09651676742362E-02 
 4.10178494480688E-02 
 0.048531019891527 
 0.048531019891527 
 0.048531019891527 
 3.35046790046107E-02 
 1.09651676742362E-02 
 1.09651676742362E-02 
 1.09651676742362E-02 
 1.09651676742362E-02 
 1.62853045828471E-02 
 3.75658522172908E-02 
 3.75658522172908E-02 
 3.75658522172908E-02 
 0.021605441491458 
 1.09651676742362E-02 
 1.09651676742362E-02 
 1.09651676742362E-02 
 3.35046790046107E-02 
 0.048531019891527 
 0.048531019891527 
 0.048531019891527 
 4.10178494480688E-02 
 1.09651676742362E-02 
 1.09651676742362E-02 
 1.09651676742362E-02 
 1.09651676742362E-02 
 1.09651676742362E-02 
 1.09651676742362E-02 
 1.09651676742362E-02 
 1.09651676742362E-02 
 1.09651676742362E-02 
 1.84783381176944E-02 
 0.240705736315549 
 6.36385842426969E-02 
 8.93458106789619E-02 
 7.95989949685297E-02 
 0.047109609267089 
 1.66914219041151E-02 
 1.09651676742362E-02 
 1.09651676742362E-02 
 1.09651676742362E-02 
 1.09651676742362E-02 
 1.09651676742362E-02 
 1.09651676742362E-02 
 1.09651676742362E-02 
 1.09651676742362E-02 
 1.09651676742362E-02 
 1.09651676742362E-02 
 0.026925578400069 
 3.75658522172908E-02 
 3.75658522172908E-02 
 3.75658522172908E-02 
 0.048531019891527 
 0.048531019891527 
 0.048531019891527 
 0.048531019891527 
 2.59915085611525E-02 
 1.09651676742362E-02 
 1.09651676742362E-02 
 1.09651676742362E-02 
 1.09651676742362E-02 
 1.09651676742362E-02 
 0.021605441491458 
 3.75658522172908E-02 
 3.75658522172908E-02 
 3.75658522172908E-02 
 3.88248159132216E-02 
 0.048531019891527 
 0.048531019891527 
 0.048531019891527 
 4.10178494480688E-02 
 1.09651676742362E-02 
 1.09651676742362E-02 
 1.09651676742362E-02 
 1.09651676742362E-02 
 1.09651676742362E-02 
 1.09651676742362E-02 
 1.09651676742362E-02 
 1.09651676742362E-02 
 1.09651676742362E-02 
 1.09651676742362E-02 
 1.09651676742362E-02 
 1.09651676742362E-02 
 2.59915085611525E-02 
 0.048531019891527 
 0.048531019891527 
 0.048531019891527 
 0.048531019891527 
 1.09651676742362E-02 
 1.09651676742362E-02 
 1.09651676742362E-02 
 1.09651676742362E-02 
 1.09651676742362E-02 
 1.09651676742362E-02 
 1.09651676742362E-02 
 1.09651676742362E-02 
 0.021605441491458 
 3.75658522172908E-02 
 3.75658522172908E-02 
 6.76185339911234E-02 
 5.38511568001379E-02 
 0.048531019891527 
 0.048531019891527 
 3.35046790046107E-02 
 1.09651676742362E-02 
 1.09651676742362E-02 
 1.09651676742362E-02 
 1.09651676742362E-02 
 1.09651676742362E-02 
 1.09651676742362E-02 
 1.09651676742362E-02 
 1.09651676742362E-02 
 3.35046790046107E-02 
 7.51317044345815E-02 
 7.51317044345815E-02 
 7.51317044345815E-02 
 5.69782601739016E-02 
 1.09651676742362E-02 
 1.09651676742362E-02 
 1.09651676742362E-02 
 1.09651676742362E-02 
 1.09651676742362E-02 
 1.09651676742362E-02 
 1.09651676742362E-02 
 1.09651676742362E-02 
 1.26708604235619E-02 
 1.38079889231123E-02 
 2.44482627403341E-02 
 4.04086734661668E-02 
 4.04086734661668E-02 
 4.04086734661668E-02 
 2.11587124380632E-02 
 1.58385755294523E-02 
 3.35046790046107E-02 
 0.330498276047905 
 4.52820813213829E-02 
 8.26448748780397E-02 
 7.69998441124144E-02 
 9.07672213033999E-02 
 0.107864760528783 
 0.11411896727631 
 9.15794559459359E-02 
 9.15794559459359E-02 
 6.38416429033309E-02 
 4.26829304652677E-02 
 3.75658522172908E-02 
 3.63475002534868E-02 
 3.63475002534868E-02 
 3.73627935566568E-02 
 4.32514947150429E-02 
 4.32514947150429E-02 
 4.32514947150429E-02 
 4.32514947150429E-02 
 0.360185452232597 
 0.439418941611985 
 0.455379352337818 
 0.46601962615504 
 0.46601962615504 
 0.307552647396263 
 4.52820813213829E-02 
 4.52820813213829E-02 
 0.105387444869048 
 1.14854039627805 
 8.14671346463625E-02 
 5.34044277467431E-02 
 3.08649164163686E-02 
 5.82372238698324E-02 
 0.094422277194812 
 9.21480201957111E-02 
 0.103275634798455 
 0.1048594923514 
 9.42192185341779E-02 
 0.101529330317002 
 0.127114721556887 
 0.148517104387711 
 0.143765531728875 
 0.153106230118039 
 0.177107763804978 
 0.209759596434926 
 0.230106074230454 
 0.526449883559719 
 0.232299107765301 
 0.217881942860286 
 0.163787115667388 
 0.148638939584091 
 0.129957542805763 
 0.150263408869163 
 0.153918464760575 
 0.147014470299019 
 0.157573520651987 
 1.09651676742362E-02 
 1.09651676742362E-02 
 2.59915085611525E-02 
 0.048531019891527 
 5.91712937087488E-02 
 7.51317044345815E-02 
 7.51317044345815E-02 
 3.75658522172908E-02 
 1.62853045828471E-02 
 1.09651676742362E-02 
 1.09651676742362E-02 
 1.09651676742362E-02 
 1.09651676742362E-02 
 1.09651676742362E-02 
 1.09651676742362E-02 
 1.09651676742362E-02 
 1.09651676742362E-02 
 1.09651676742362E-02 
 1.09651676742362E-02 
 1.09651676742362E-02 
 1.09651676742362E-02 
 2.59915085611525E-02 
 0.048531019891527 
 0.048531019891527 
