 1.17774023167722E-02 
 1.17774023167722E-02 
 1.17774023167722E-02 
 1.17774023167722E-02 
 1.17774023167722E-02 
 1.17774023167722E-02 
 1.17774023167722E-02 
 1.17774023167722E-02 
 1.17774023167722E-02 
 1.17774023167722E-02 
 1.17774023167722E-02 
 1.17774023167722E-02 
 1.17774023167722E-02 
 1.17774023167722E-02 
 1.17774023167722E-02 
 1.17774023167722E-02 
 3.02963521665934E-02 
 3.49260896290487E-02 
 3.49260896290487E-02 
 3.02963521665934E-02 
 1.17774023167722E-02 
 1.17774023167722E-02 
 6.13237155114693E-02 
 6.13237155114693E-02 
 5.14144528725299E-02 
 1.17774023167722E-02 
 1.17774023167722E-02 
 1.17774023167722E-02 
 1.17774023167722E-02 
 1.17774023167722E-02 
 1.17774023167722E-02 
 1.17774023167722E-02 
 1.17774023167722E-02 
 1.17774023167722E-02 
 2.56666147041381E-02 
 3.49260896290487E-02 
 3.49260896290487E-02 
 7.45631401848063E-02 
 6.13237155114693E-02 
 6.13237155114693E-02 
 1.17774023167722E-02 
 1.17774023167722E-02 
 1.17774023167722E-02 
 1.17774023167722E-02 
 1.17774023167722E-02 
 1.17774023167722E-02 
 3.49260896290487E-02 
 3.49260896290487E-02 
 3.49260896290487E-02 
 2.56666147041381E-02 
 1.17774023167722E-02 
 1.17774023167722E-02 
 4.15051902335905E-02 
 6.13237155114693E-02 
 6.13237155114693E-02 
 2.16866649557116E-02 
 1.17774023167722E-02 
 3.02963521665934E-02 
 3.49260896290487E-02 
 3.49260896290487E-02 
 3.02963521665934E-02 
 1.17774023167722E-02 
 1.17774023167722E-02 
 1.17774023167722E-02 
 1.17774023167722E-02 
 1.17774023167722E-02 
 1.17774023167722E-02 
 3.15959275946511E-02 
 6.13237155114693E-02 
 7.52129278988352E-02 
 5.47446149069275E-02 
 3.49260896290487E-02 
 3.49260896290487E-02 
 1.17774023167722E-02 
 1.17774023167722E-02 
 1.17774023167722E-02 
 1.17774023167722E-02 
 1.17774023167722E-02 
 1.17774023167722E-02 
 1.17774023167722E-02 
 1.17774023167722E-02 
 1.17774023167722E-02 
 1.17774023167722E-02 
 1.17774023167722E-02 
 6.59534529739245E-02 
 8.44724028237457E-02 
 7.45631401848063E-02 
 3.49260896290487E-02 
 2.10368772416828E-02 
 1.17774023167722E-02 
 1.17774023167722E-02 
 1.17774023167722E-02 
 1.17774023167722E-02 
 1.17774023167722E-02 
 1.17774023167722E-02 
 1.17774023167722E-02 
 1.17774023167722E-02 
 1.17774023167722E-02 
 1.17774023167722E-02 
 6.13237155114693E-02 
 6.13237155114693E-02 
 6.06739277974404E-02 
 3.49260896290487E-02 
 3.49260896290487E-02 
 3.49260896290487E-02 
 1.64071397792275E-02 
 1.17774023167722E-02 
 1.17774023167722E-02 
 1.17774023167722E-02 
 1.17774023167722E-02 
 1.17774023167722E-02 
 1.17774023167722E-02 
 1.17774023167722E-02 
 3.02963521665934E-02 
 7.45631401848063E-02 
 8.44724028237457E-02 
 7.98426653612904E-02 
 1.17774023167722E-02 
 1.17774023167722E-02 
 1.17774023167722E-02 
 1.17774023167722E-02 
 1.17774023167722E-02 
 1.17774023167722E-02 
 1.17774023167722E-02 
 1.17774023167722E-02 
 2.10368772416828E-02 
 3.49260896290487E-02 
 3.49260896290487E-02 
 3.49260896290487E-02 
 1.64071397792275E-02 
 1.17774023167722E-02 
 1.17774023167722E-02 
 1.17774023167722E-02 
 6.13237155114693E-02 
 6.13237155114693E-02 
 5.14144528725299E-02 
 1.64071397792275E-02 
 3.49260896290487E-02 
 3.49260896290487E-02 
 3.49260896290487E-02 
 0.240583901119168 
 1.17774023167722E-02 
 1.32394246733371E-02 
 1.36049302624783E-02 
 1.36049302624783E-02 
 1.36049302624783E-02 
 0.230634026748102 
 0.289764708724724 
 0.514185140457425 
 0.326802608424366 
 0.346621133702245 
 0.346621133702245 
 8.99549866608638E-02 
 2.57884499005185E-02 
 2.80220951674926E-02 
 2.07119833846684E-02 
 1.54730699403111E-02 
 1.58385755294523E-02 
 1.58385755294523E-02 
 1.58385755294523E-02 
 1.58385755294523E-02 
 1.58385755294523E-02 
 2.04683129919076E-02 
 3.89872628417288E-02 
 6.92023915440686E-02 
 0.108839442099826 
 9.27165844454863E-02 
 6.36385842426969E-02 
 3.39107963258787E-02 
 3.39107963258787E-02 
 3.39107963258787E-02 
 3.49667013611755E-02 
 3.43169136471467E-02 
 3.43169136471467E-02 
 3.43169136471467E-02 
 3.43169136471467E-02 
 3.96370505557576E-02 
 6.09175981902013E-02 
 7.24513301142127E-02 
 8.97519280002299E-02 
 8.97519280002299E-02 
 0.143278190943353 
 0.162446928507203 
 0.160660012293624 
 9.03611039821319E-02 
 6.72124166698554E-02 
 0.10104198953148 
 0.103478693459089 
 7.43194697920455E-02 
 7.43194697920455E-02 
 7.43194697920455E-02 
 0.047718785248991 
 0.047718785248991 
 0.047718785248991 
 6.18516680291177E-02 
 0.145308777549693 
 0.616242423292076 
 0.54281641160682 
 0.498062282803085 
 0.558979880993287 
 0.158791872615791 
 0.120819903077232 
 8.18326402355037E-02 
 0.155014981527999 
 0.228197322820494 
 8.89396933576938E-02 
 8.89396933576938E-02 
 0.125124746682673 
 0.161309800007653 
 8.89396933576938E-02 
 8.89396933576938E-02 
 8.89396933576938E-02 
 0.103316246530581 
 0.123297218736967 
 0.161634693864667 
 0.176011247037555 
 0.12199764330891 
 0.105387444869048 
 9.61279699441376E-02 
 8.60968721088178E-02 
 0.116312000811158 
 0.260808543718315 
 0.58927623315988 
 0.750342362774772 
 1.04031013016013 
 1.08867870312315 
 1.0193544763827 
 0.933948003720039 
 0.615064683060399 
 0.611815744490255 
 0.61035372213369 
 0.634761373141897 
 0.646944892779937 
 0.523850732703604 
 0.098077333086224 
 0.102707070548679 
 0.1212260203985 
 0.1212260203985 
 9.12139503567947E-02 
 6.31106317250485E-02 
 7.00146261866047E-02 
 5.56380730137171E-02 
 5.56380730137171E-02 
 9.12951738210483E-02 
 7.00552379187314E-02 
 8.05736765395729E-02 
 6.19328914933713E-02 
 4.59724807675385E-02 
 0.11387529688355 
 0.172031297289128 
 0.152497054136137 
 0.181737501267434 
 5.60441903349852E-02 
 1.17774023167722E-02 
 1.17774023167722E-02 
 1.17774023167722E-02 
 1.17774023167722E-02 
 1.17774023167722E-02 
 1.17774023167722E-02 
 1.64071397792275E-02 
 3.49260896290487E-02 
 3.49260896290487E-02 
 3.49260896290487E-02 
 2.10368772416828E-02 
 1.17774023167722E-02 
 1.17774023167722E-02 
 1.17774023167722E-02 
 1.17774023167722E-02 
 1.17774023167722E-02 
 5.14144528725299E-02 
 6.13237155114693E-02 
 6.13237155114693E-02 
 1.17774023167722E-02 
 1.17774023167722E-02 
 1.17774023167722E-02 
 1.17774023167722E-02 
 1.17774023167722E-02 
 1.17774023167722E-02 
 1.17774023167722E-02 
 3.02963521665934E-02 
 3.49260896290487E-02 
 3.49260896290487E-02 
 3.02963521665934E-02 
 4.15051902335905E-02 
 6.13237155114693E-02 
 6.13237155114693E-02 
 2.16866649557116E-02 
 1.17774023167722E-02 
