 1.13712849955042E-02 
 1.13712849955042E-02 
 1.13712849955042E-02 
 1.13712849955042E-02 
 1.13712849955042E-02 
 1.13712849955042E-02 
 1.13712849955042E-02 
 1.13712849955042E-02 
 3.26924443620747E-02 
 3.26924443620747E-02 
 3.26924443620747E-02 
 2.41639806154465E-02 
 1.13712849955042E-02 
 1.13712849955042E-02 
 1.13712849955042E-02 
 1.13712849955042E-02 
 1.13712849955042E-02 
 1.13712849955042E-02 
 1.13712849955042E-02 
 1.13712849955042E-02 
 1.13712849955042E-02 
 1.13712849955042E-02 
 1.13712849955042E-02 
 2.84282124887606E-02 
 3.26924443620747E-02 
 3.26924443620747E-02 
 2.84282124887606E-02 
 1.13712849955042E-02 
 1.13712849955042E-02 
 1.13712849955042E-02 
 1.13712849955042E-02 
 1.13712849955042E-02 
 1.13712849955042E-02 
 1.13712849955042E-02 
 1.13712849955042E-02 
 1.98997487421324E-02 
 3.26924443620747E-02 
 3.26924443620747E-02 
 3.26924443620747E-02 
 1.56355168688183E-02 
 1.13712849955042E-02 
 1.13712849955042E-02 
 1.13712849955042E-02 
 1.13712849955042E-02 
 1.13712849955042E-02 
 1.13712849955042E-02 
 1.13712849955042E-02 
 1.13712849955042E-02 
 1.13712849955042E-02 
 1.13712849955042E-02 
 1.13712849955042E-02 
 1.13712849955042E-02 
 1.13712849955042E-02 
 1.13712849955042E-02 
 1.13712849955042E-02 
 1.13712849955042E-02 
 1.13712849955042E-02 
 1.13712849955042E-02 
 1.13712849955042E-02 
 1.13712849955042E-02 
 1.13712849955042E-02 
 1.13712849955042E-02 
 1.13712849955042E-02 
 1.13712849955042E-02 
 1.13712849955042E-02 
 3.26924443620747E-02 
 3.26924443620747E-02 
 3.26924443620747E-02 
 2.41639806154465E-02 
 1.13712849955042E-02 
 1.13712849955042E-02 
 1.13712849955042E-02 
 1.13712849955042E-02 
 1.13712849955042E-02 
 1.13712849955042E-02 
 1.13712849955042E-02 
 3.26924443620747E-02 
 3.26924443620747E-02 
 3.26924443620747E-02 
 2.41639806154465E-02 
 1.13712849955042E-02 
 1.13712849955042E-02 
 1.13712849955042E-02 
 1.13712849955042E-02 
 1.38079889231123E-02 
 1.54324582081843E-02 
 3.57383242715847E-02 
 5.76686596200572E-02 
 6.76591457232502E-02 
 6.49787714028813E-02 
 6.64001820273194E-02 
 7.37102938101435E-02 
 9.25947492491059E-02 
 8.28479335386737E-02 
 8.28479335386737E-02 
 7.67561737196536E-02 
 6.55879473847834E-02 
 6.55879473847834E-02 
 0.680652630445182 
 1.83495989268524 
 0.652021359295787 
 0.652021359295787 
 3.41138549865127E-02 
 3.41138549865127E-02 
 3.41138549865127E-02 
 3.41138549865127E-02 
 3.41138549865127E-02 
 3.46011957720343E-02 
 3.53322069503167E-02 
 0.811503631357734 
 0.423417919154026 
 0.118708093006639 
 0.452211637231927 
 0.452211637231927 
 0.466953695993956 
 1.11052781500737 
 1.12332051062731 
 0.789816966402023 
 0.706441080345701 
 7.14766485431695E-02 
 0.065263053527769 
 6.47757127422473E-02 
 6.38010311712041E-02 
 6.35573607784433E-02 
 8.83305173757918E-02 
 8.83305173757918E-02 
 7.60251625413712E-02 
 5.23891344435731E-02 
 0.048327961230893 
 4.90589724091754E-02 
 0.049546313194697 
 0.049546313194697 
 1.13712849955042E-02 
 1.56355168688183E-02 
 3.26924443620747E-02 
 3.26924443620747E-02 
 3.26924443620747E-02 
 1.98997487421324E-02 
 1.13712849955042E-02 
 1.13712849955042E-02 
 1.13712849955042E-02 
 1.13712849955042E-02 
 1.13712849955042E-02 
 1.13712849955042E-02 
 1.13712849955042E-02 
 1.56355168688183E-02 
 3.26924443620747E-02 
 3.26924443620747E-02 
 3.26924443620747E-02 
 1.98997487421324E-02 
 1.13712849955042E-02 
 1.13712849955042E-02 
 1.13712849955042E-02 
 1.13712849955042E-02 
 1.13712849955042E-02 
 1.13712849955042E-02 
 1.13712849955042E-02 
 1.13712849955042E-02 
 2.41639806154465E-02 
 3.26924443620747E-02 
 3.26924443620747E-02 
 3.26924443620747E-02 
 1.13712849955042E-02 
 1.13712849955042E-02 
 1.13712849955042E-02 
 1.13712849955042E-02 
 1.13712849955042E-02 
 1.13712849955042E-02 
 1.13712849955042E-02 
 1.13712849955042E-02 
 1.13712849955042E-02 
 1.13712849955042E-02 
 3.73627935566568E-02 
 3.73627935566568E-02 
 3.73627935566568E-02 
 3.73627935566568E-02 
 3.73627935566568E-02 
 3.81750281991928E-02 
 4.14239667693369E-02 
 4.14239667693369E-02 
 4.14239667693369E-02 
 0.535749970216757 
 0.659331471078612 
 0.659331471078612 
 0.658113119114808 
 0.163787115667388 
 4.02056148055328E-02 
 4.02056148055328E-02 
 4.02056148055328E-02 
 0.228197322820494 
 0.144862048496299 
 6.15267741721033E-02 
 5.29983104254751E-02 
 3.69566762353888E-02 
 3.61444415928527E-02 
 3.61444415928527E-02 
 3.61444415928527E-02 
 3.61444415928527E-02 
 3.61444415928527E-02 
 3.61444415928527E-02 
 3.61444415928527E-02 
 9.05641626427659E-02 
 0.327249337477761 
 0.332000910136597 
 0.336711871063306 
 0.355555714770141 
 0.355555714770141 
 0.314416030125692 
 0.107214972814754 
 0.107214972814754 
 0.107214972814754 
 8.58938134481838E-02 
 8.58938134481838E-02 
 8.54064726626622E-02 
 8.34571095205757E-02 
 0.152537665868264 
 0.226369794874788 
 5.96992462263972E-02 
 6.06739277974404E-02 
 6.23390088146393E-02 
 6.80246513123914E-02 
 6.80246513123914E-02 
 7.65531150590196E-02 
 8.93458106789619E-02 
 6.53036652598957E-02 
 5.11707824797691E-02 
 3.41138549865127E-02 
 3.63475002534868E-02 
 3.47230309684147E-02 
 2.98496231131986E-02 
 2.98496231131986E-02 
 2.98496231131986E-02 
 2.96059527204378E-02 
 2.45700979367145E-02 
 3.79719695385588E-02 
 4.36576120363109E-02 
 5.64503076562532E-02 
 0.056693978049014 
 6.82277099730254E-02 
 6.09175981902013E-02 
 5.66533663168872E-02 
 5.66533663168872E-02 
 5.66533663168872E-02 
 6.15267741721033E-02 
 6.47757127422473E-02 
 7.41976345956651E-02 
 8.10204055929677E-02 
 8.62187073051982E-02 
 0.106808855493486 
 0.128130014860057 
 0.137673771909855 
 0.136861537267319 
 0.166832995576898 
 0.164477515113543 
 0.165492808416713 
 0.162243869846569 
 0.319167602784528 
 0.23420785917526 
 0.155177428456506 
 0.160213283240229 
 0.171584568235734 
 0.184377263855676 
 0.194530196887376 
 0.198591370100056 
 3.26924443620747E-02 
 1.13712849955042E-02 
 1.13712849955042E-02 
 1.13712849955042E-02 
 1.13712849955042E-02 
 1.13712849955042E-02 
 1.13712849955042E-02 
 1.13712849955042E-02 
 8.34571095205757E-02 
 0.107214972814754 
 0.105793562190316 
 0.097265098443688 
 0.094625335855446 
 0.123662724326109 
 0.134627892000345 
 0.391943826755755 
 0.764312798626392 
 0.747865047115037 
 0.755175158897862 
 0.517352855563316 
 0.112494497991238 
 0.120819903077233 
 0.136861537267319 
 0.125084134950547 
