 1.19804609774062E-02 
 1.19804609774062E-02 
 1.19804609774062E-02 
 1.19804609774062E-02 
 1.19804609774062E-02 
 1.19804609774062E-02 
 1.19804609774062E-02 
 1.19804609774062E-02 
 1.19804609774062E-02 
 1.19804609774062E-02 
 1.19804609774062E-02 
 1.19804609774062E-02 
 1.19804609774062E-02 
 1.19804609774062E-02 
 1.19804609774062E-02 
 1.19804609774062E-02 
 1.19804609774062E-02 
 1.19804609774062E-02 
 1.19804609774062E-02 
 1.19804609774062E-02 
 1.19804609774062E-02 
 2.82251538281266E-02 
 3.22863270408067E-02 
 3.22863270408067E-02 
 2.82251538281266E-02 
 1.19804609774062E-02 
 1.19804609774062E-02 
 1.19804609774062E-02 
 1.19804609774062E-02 
 1.19804609774062E-02 
 1.19804609774062E-02 
 1.19804609774062E-02 
 3.22863270408067E-02 
 3.22863270408067E-02 
 3.22863270408067E-02 
 2.41639806154465E-02 
 1.19804609774062E-02 
 1.19804609774062E-02 
 1.19804609774062E-02 
 1.19804609774062E-02 
 1.19804609774062E-02 
 1.19804609774062E-02 
 1.19804609774062E-02 
 1.19804609774062E-02 
 1.19804609774062E-02 
 1.19804609774062E-02 
 3.22863270408067E-02 
 3.22863270408067E-02 
 3.22863270408067E-02 
 2.41639806154465E-02 
 1.19804609774062E-02 
 1.19804609774062E-02 
 1.19804609774062E-02 
 1.19804609774062E-02 
 1.19804609774062E-02 
 1.19804609774062E-02 
 1.19804609774062E-02 
 1.19804609774062E-02 
 1.19804609774062E-02 
 1.19804609774062E-02 
 1.19804609774062E-02 
 1.19804609774062E-02 
 1.19804609774062E-02 
 1.19804609774062E-02 
 1.19804609774062E-02 
 1.19804609774062E-02 
 1.19804609774062E-02 
 1.19804609774062E-02 
 1.19804609774062E-02 
 1.19804609774062E-02 
 1.19804609774062E-02 
 3.22863270408067E-02 
 3.22863270408067E-02 
 3.22863270408067E-02 
 2.41639806154465E-02 
 1.19804609774062E-02 
 1.19804609774062E-02 
 1.19804609774062E-02 
 1.27926956199423E-02 
 1.19804609774062E-02 
 1.19804609774062E-02 
 1.76661034751584E-02 
 0.267184585662223 
 5.46227797105471E-02 
 5.50288970318151E-02 
 5.25921931042071E-02 
 0.257031652630523 
 3.69972879675156E-02 
 5.50288970318151E-02 
 6.55879473847834E-02 
 6.72124166698554E-02 
 6.83495451694058E-02 
 4.44698466788469E-02 
 3.63475002534868E-02 
 3.63475002534868E-02 
 3.63475002534868E-02 
 1.19804609774062E-02 
 1.19804609774062E-02 
 1.19804609774062E-02 
 1.19804609774062E-02 
 1.19804609774062E-02 
 1.19804609774062E-02 
 1.24678017629279E-02 
 1.44171649050143E-02 
 1.44171649050143E-02 
 1.44171649050143E-02 
 1.84783381176944E-02 
 3.47230309684147E-02 
 3.47230309684147E-02 
 3.47230309684147E-02 
 2.25395113303745E-02 
 1.44171649050143E-02 
 1.44171649050143E-02 
 1.66914219041151E-02 
 1.67726453683687E-02 
 1.48232822262823E-02 
 1.48232822262823E-02 
 1.48232822262823E-02 
 2.82251538281266E-02 
 0.050358547837233 
 4.22362014118729E-02 
 7.01770731151118E-02 
 0.358073642162003 
 0.994987437106621 
 0.948487003821434 
 0.940364657396073 
 0.940364657396073 
 0.537699333358843 
 0.537699333358843 
 0.537699333358843 
 0.537699333358843 
 0.537699333358843 
 0.537699333358843 
 0.537699333358843 
 0.333259873832528 
 2.66006845430545E-02 
 2.66006845430545E-02 
 2.66006845430545E-02 
 2.66006845430545E-02 
 0.040977237715942 
 2.66006845430545E-02 
 2.66006845430545E-02 
 0.040977237715942 
 2.66006845430545E-02 
 3.37889611294983E-02 
 3.37889611294983E-02 
 2.66006845430545E-02 
 6.10800451187085E-02 
 0.147217528959653 
 6.64001820273194E-02 
 7.00552379187314E-02 
 8.41068972346045E-02 
 8.18326402355037E-02 
 8.18326402355037E-02 
 9.40161598735439E-02 
 0.102138506298904 
 0.110179629260011 
 0.122241313701671 
 0.10193544763827 
 0.10193544763827 
 0.10193544763827 
 0.10193544763827 
 0.098280391746858 
 8.36601681812097E-02 
 7.15984837395499E-02 
 6.35573607784433E-02 
 6.35573607784433E-02 
 6.35573607784433E-02 
 6.35573607784433E-02 
 0.232339719497428 
 0.236400892710108 
 0.236400892710108 
 7.98020536291637E-02 
 6.35573607784433E-02 
 0.292363859580839 
 6.55067239205298E-02 
 6.59940647060514E-02 
 6.59940647060514E-02 
 6.59940647060514E-02 
 6.59940647060514E-02 
 8.60968721088178E-02 
 8.60968721088178E-02 
 8.60968721088178E-02 
 0.314903370911214 
 8.60968721088178E-02 
 0.223892479215053 
 0.46829388315414 
 0.390075687077922 
 0.313319513358268 
 0.313319513358268 
 0.319411273177289 
 0.188113543211341 
 0.116474447739665 
 0.115580989632875 
 0.11208838066997 
 0.11208838066997 
 8.79650117866506E-02 
 8.89396933576938E-02 
 8.89396933576938E-02 
 8.89396933576938E-02 
 6.55879473847834E-02 
 6.55879473847834E-02 
 6.55879473847834E-02 
 0.174386777752483 
 4.54851399820169E-02 
 6.59534529739245E-02 
 7.91928776472616E-02 
 9.40973833377975E-02 
 7.56190452201032E-02 
 6.40853132960917E-02 
 4.16270254299709E-02 
 3.75658522172908E-02 
 3.75658522172908E-02 
 3.75658522172908E-02 
 3.75658522172908E-02 
 3.83780868598268E-02 
 3.75658522172908E-02 
 3.75658522172908E-02 
 5.51913439603223E-02 
 6.59940647060514E-02 
 4.40637293575789E-02 
 5.86839529232272E-02 
 9.91332381215208E-02 
 0.282860714263168 
 0.283226219852309 
 0.26824049069752 
 0.278474647193473 
 0.307999376449658 
 0.278149753336459 
 0.094422277194812 
 8.63811542337054E-02 
 6.41665367603453E-02 
 7.39539642029043E-02 
 6.64001820273194E-02 
 8.65029894300858E-02 
 8.65029894300858E-02 
 8.65029894300858E-02 
 8.18326402355037E-02 
 4.77593969811178E-02 
 0.085040967073521 
 8.89396933576938E-02 
 8.89396933576938E-02 
 8.08173469323337E-02 
 8.73152240726218E-02 
 9.19855732672039E-02 
 7.57408804164836E-02 
 8.55283078590426E-02 
 0.096249805140518 
 9.94987437106621E-02 
 0.097468157104322 
 0.122891101415699 
 0.125693310932449 
 0.10904250076046 
 0.337848999562856 
 8.32134391278149E-02 
 8.83305173757918E-02 
 0.112210215866351 
 0.124271900308011 
 0.127480227146028 
 0.145186942353313 
 0.145186942353313 
 0.157370461991353 
 0.171747015164241 
 0.17645797609095 
 0.17645797609095 
 0.18051914930363 
 0.19676384215435 
 0.216257473575214 
 0.227060194320943 
 0.212683641148056 
 0.175808188376921 
 0.136049302624783 
 0.128901637770466 
 0.11818014048899 
 0.11818014048899 
 0.11818014048899 
 0.11818014048899 
 0.155421098849267 
 0.163868339131641 
 0.714116697717666 
 0.692836150083222 
 0.713142016146623 
 0.263651364967191 
 0.159401048597693 
 0.148638939584091 
 0.115743436561382 
 0.251833350918292 
 0.175605129716287 
