 3.10679750770026E-02 
 4.40637293575789E-02 
 0.048124902570259 
 6.58316177775441E-02 
 7.02582965793654E-02 
 6.51412183313885E-02 
 0.176498587823076 
 0.322091647497658 
 1.15743436561382E-02 
 1.15743436561382E-02 
 1.15743436561382E-02 
 2.91186119349162E-02 
 4.08147907874349E-02 
 4.08147907874349E-02 
 4.08147907874349E-02 
 2.32705225086569E-02 
 1.15743436561382E-02 
 1.15743436561382E-02 
 1.15743436561382E-02 
 1.15743436561382E-02 
 1.15743436561382E-02 
 1.15743436561382E-02 
 1.15743436561382E-02 
 1.15743436561382E-02 
 2.91186119349162E-02 
 4.08147907874349E-02 
 4.08147907874349E-02 
 4.08147907874349E-02 
 2.32705225086569E-02 
 1.15743436561382E-02 
 1.15743436561382E-02 
 1.15743436561382E-02 
 1.15743436561382E-02 
 1.15743436561382E-02 
 1.15743436561382E-02 
 1.15743436561382E-02 
 1.15743436561382E-02 
 1.15743436561382E-02 
 1.15743436561382E-02 
 1.15743436561382E-02 
 1.15743436561382E-02 
 1.15743436561382E-02 
 1.15743436561382E-02 
 1.15743436561382E-02 
 2.91186119349162E-02 
 4.08147907874349E-02 
 4.08147907874349E-02 
 4.08147907874349E-02 
 2.32705225086569E-02 
 1.15743436561382E-02 
 1.15743436561382E-02 
 1.15743436561382E-02 
 1.15743436561382E-02 
 1.15743436561382E-02 
 1.15743436561382E-02 
 1.15743436561382E-02 
 1.74224330823976E-02 
 4.08147907874349E-02 
 4.08147907874349E-02 
 4.08147907874349E-02 
 3.49667013611755E-02 
 1.15743436561382E-02 
 1.15743436561382E-02 
 1.15743436561382E-02 
 1.15743436561382E-02 
 1.15743436561382E-02 
 1.15743436561382E-02 
 1.15743436561382E-02 
 1.15743436561382E-02 
 1.15743436561382E-02 
 1.15743436561382E-02 
 1.15743436561382E-02 
 1.15743436561382E-02 
 1.15743436561382E-02 
 1.15743436561382E-02 
 1.15743436561382E-02 
 1.15743436561382E-02 
 2.32705225086569E-02 
 0.046703491945821 
 5.40136037286451E-02 
 6.37604194390773E-02 
 5.45009445141667E-02 
 6.21359501540053E-02 
 5.40136037286451E-02 
 5.15768998010371E-02 
 5.40136037286451E-02 
 5.40136037286451E-02 
 6.33949138499361E-02 
 5.70594836381552E-02 
 6.94054502047026E-02 
 0.097671215764956 
 0.361444415928527 
 0.102544623620172 
 8.56095313232962E-02 
 7.39133524707775E-02 
 6.08363747259477E-02 
 8.81680704472846E-02 
 0.10993595886725 
 0.049749371855331 
 0.049749371855331 
 0.049749371855331 
 4.56881986426509E-02 
 4.11396846444492E-02 
 5.86839529232272E-02 
 5.86839529232272E-02 
 5.86839529232272E-02 
 4.21143662154925E-02 
 1.72599861538904E-02 
 1.72599861538904E-02 
 1.72599861538904E-02 
 1.96966900814984E-02 
 3.78907460743052E-02 
 0.466831860797576 
 0.466831860797576 
 0.466831860797576 
 0.496072307928872 
 6.76185339911234E-02 
 0.243142440243157 
 4.08147907874349E-02 
 1.15743436561382E-02 
 1.15743436561382E-02 
 1.15743436561382E-02 
 1.15743436561382E-02 
 1.15743436561382E-02 
 1.15743436561382E-02 
 1.15743436561382E-02 
 1.15743436561382E-02 
 1.15743436561382E-02 
 1.15743436561382E-02 
 1.15743436561382E-02 
 1.15743436561382E-02 
 1.15743436561382E-02 
 1.15743436561382E-02 
 1.15743436561382E-02 
 1.15743436561382E-02 
 1.15743436561382E-02 
 1.15743436561382E-02 
 1.15743436561382E-02 
 4.08147907874349E-02 
 4.08147907874349E-02 
 4.08147907874349E-02 
 4.08147907874349E-02 
 1.15743436561382E-02 
 1.15743436561382E-02 
 1.15743436561382E-02 
 1.15743436561382E-02 
 1.15743436561382E-02 
 1.15743436561382E-02 
 1.15743436561382E-02 
 1.15743436561382E-02 
 1.15743436561382E-02 
 1.15743436561382E-02 
 1.15743436561382E-02 
 1.15743436561382E-02 
 1.15743436561382E-02 
 1.15743436561382E-02 
 1.15743436561382E-02 
 1.15743436561382E-02 
 1.15743436561382E-02 
 1.15743436561382E-02 
 1.15743436561382E-02 
 1.74224330823976E-02 
 4.08147907874349E-02 
 4.08147907874349E-02 
 4.08147907874349E-02 
 3.49667013611755E-02 
 1.15743436561382E-02 
 1.15743436561382E-02 
 1.15743436561382E-02 
 1.15743436561382E-02 
 1.15743436561382E-02 
 1.15743436561382E-02 
 1.15743436561382E-02 
 1.15743436561382E-02 
 1.15743436561382E-02 
 1.15743436561382E-02 
 1.15743436561382E-02 
 1.15743436561382E-02 
 1.74224330823976E-02 
 4.08147907874349E-02 
 4.08147907874349E-02 
 4.08147907874349E-02 
 3.49667013611755E-02 
 1.15743436561382E-02 
 1.15743436561382E-02 
 1.15743436561382E-02 
 1.15743436561382E-02 
 1.15743436561382E-02 
 1.15743436561382E-02 
 1.15743436561382E-02 
 1.15743436561382E-02 
 1.15743436561382E-02 
 1.15743436561382E-02 
 1.15743436561382E-02 
 1.15743436561382E-02 
 1.15743436561382E-02 
 1.15743436561382E-02 
 2.91186119349162E-02 
 4.08147907874349E-02 
 4.08147907874349E-02 
 4.08147907874349E-02 
 2.32705225086569E-02 
 9.93362967821549E-02 
 1.24678017629279E-02 
 1.62446928507203E-02 
 3.44793605756539E-02 
 2.29456286516425E-02 
 2.29456286516425E-02 
 2.29456286516425E-02 
 2.29456286516425E-02 
 2.29456286516425E-02 
 2.29456286516425E-02 
 2.29456286516425E-02 
 0.286231488029692 
 2.29456286516425E-02 
 2.20521705448529E-02 
 2.07119833846684E-02 
 0.108473936510685 
 0.196235889636702 
 2.72098605249566E-02 
 3.53322069503167E-02 
 3.65099471819939E-02 
 4.12209081087029E-02 
 4.12209081087029E-02 
 0.117408517578581 
 6.43289836888525E-02 
 7.85837016653596E-02 
 7.85837016653596E-02 
 6.10394333865817E-02 
 0.049343254534063 
 0.049343254534063 
 0.049343254534063 
 0.049343254534063 
 0.049343254534063 
 0.049343254534063 
 0.049343254534063 
 4.58100338390314E-02 
 4.18300840906049E-02 
 4.70283858028354E-02 
 6.45726540816133E-02 
 6.45726540816133E-02 
 0.065872229509671 
 6.20141149576249E-02 
 4.44698466788469E-02 
 4.44698466788469E-02 
 0.215242180272044 
 0.17771693978688 
 0.102138506298904 
 0.10701191415412 
 8.89396933576938E-02 
 0.09787427442559 
 0.117855246631976 
 0.1736557665742 
 0.198956875689197 
 0.167117277701785 
 0.15842636702665 
 0.130079378002143 
 0.152375218939757 
 0.175239624127146 
 0.168660523522604 
 0.172193744217636 
 0.172193744217636 
 0.168132571004955 
 0.151887878154235 
 1.15743436561382E-02 
 1.15743436561382E-02 
 1.15743436561382E-02 
 1.15743436561382E-02 
 1.15743436561382E-02 
 1.15743436561382E-02 
 2.91186119349162E-02 
 4.08147907874349E-02 
 4.08147907874349E-02 
 4.08147907874349E-02 
 2.32705225086569E-02 
 1.15743436561382E-02 
 1.15743436561382E-02 
 1.15743436561382E-02 
 1.15743436561382E-02 
 1.15743436561382E-02 
 1.15743436561382E-02 
 1.15743436561382E-02 
 1.15743436561382E-02 
 1.15743436561382E-02 
 1.15743436561382E-02 
 1.15743436561382E-02 
 1.74224330823976E-02 
 4.08147907874349E-02 
