 9.13763972853019E-03 
 9.13763972853019E-03 
 9.13763972853019E-03 
 9.13763972853019E-03 
 9.13763972853019E-03 
 9.13763972853019E-03 
 9.13763972853019E-03 
 9.13763972853019E-03 
 9.13763972853019E-03 
 9.13763972853019E-03 
 9.13763972853019E-03 
 9.13763972853019E-03 
 9.13763972853019E-03 
 9.13763972853019E-03 
 9.13763972853019E-03 
 9.13763972853019E-03 
 9.13763972853019E-03 
 9.13763972853019E-03 
 9.13763972853019E-03 
 3.78907460743052E-02 
 4.50790226607489E-02 
 4.50790226607489E-02 
 4.50790226607489E-02 
 1.63259163149739E-02 
 9.13763972853019E-03 
 9.13763972853019E-03 
 9.13763972853019E-03 
 9.13763972853019E-03 
 9.13763972853019E-03 
 9.13763972853019E-03 
 9.13763972853019E-03 
 9.13763972853019E-03 
 9.13763972853019E-03 
 9.13763972853019E-03 
 9.13763972853019E-03 
 9.13763972853019E-03 
 9.13763972853019E-03 
 9.13763972853019E-03 
 9.13763972853019E-03 
 9.13763972853019E-03 
 9.13763972853019E-03 
 9.13763972853019E-03 
 9.13763972853019E-03 
 9.13763972853019E-03 
 9.13763972853019E-03 
 9.13763972853019E-03 
 9.13763972853019E-03 
 3.07024694878614E-02 
 4.50790226607489E-02 
 4.50790226607489E-02 
 4.50790226607489E-02 
 2.35141929014177E-02 
 9.13763972853019E-03 
 9.13763972853019E-03 
 9.13763972853019E-03 
 9.13763972853019E-03 
 9.13763972853019E-03 
 9.13763972853019E-03 
 9.13763972853019E-03 
 2.35141929014177E-02 
 4.50790226607489E-02 
 4.50790226607489E-02 
 4.50790226607489E-02 
 3.07024694878614E-02 
 9.13763972853019E-03 
 9.13763972853019E-03 
 9.13763972853019E-03 
 9.13763972853019E-03 
 9.13763972853019E-03 
 9.13763972853019E-03 
 9.13763972853019E-03 
 9.13763972853019E-03 
 9.13763972853019E-03 
 9.13763972853019E-03 
 9.13763972853019E-03 
 9.13763972853019E-03 
 9.13763972853019E-03 
 3.07024694878614E-02 
 4.50790226607489E-02 
 4.50790226607489E-02 
 4.50790226607489E-02 
 2.35141929014177E-02 
 9.13763972853019E-03 
 9.13763972853019E-03 
 9.6249805140518E-03 
 1.15743436561382E-02 
 2.01028074027664E-02 
 3.28955030227087E-02 
 3.24893857014407E-02 
 1.96966900814984E-02 
 1.96966900814984E-02 
 1.96966900814984E-02 
 1.15743436561382E-02 
 3.31391734154695E-02 
 0.047515726588357 
 0.047515726588357 
 0.047515726588357 
 2.49762152579825E-02 
 1.15743436561382E-02 
 1.15743436561382E-02 
 1.15743436561382E-02 
 1.15743436561382E-02 
 1.15743436561382E-02 
 1.01123212995734E-02 
 9.13763972853019E-03 
 9.13763972853019E-03 
 9.13763972853019E-03 
 3.78907460743052E-02 
 4.50790226607489E-02 
 4.50790226607489E-02 
 4.50790226607489E-02 
 1.63259163149739E-02 
 9.13763972853019E-03 
 9.13763972853019E-03 
 9.13763972853019E-03 
 9.13763972853019E-03 
 9.13763972853019E-03 
 9.13763972853019E-03 
 9.13763972853019E-03 
 9.13763972853019E-03 
 9.13763972853019E-03 
 9.13763972853019E-03 
 9.13763972853019E-03 
 9.13763972853019E-03 
 9.13763972853019E-03 
 3.07024694878614E-02 
 4.50790226607489E-02 
 4.50790226607489E-02 
 4.50790226607489E-02 
 2.35141929014177E-02 
 9.13763972853019E-03 
 9.13763972853019E-03 
 9.13763972853019E-03 
 9.13763972853019E-03 
 9.13763972853019E-03 
 9.13763972853019E-03 
 9.13763972853019E-03 
 9.13763972853019E-03 
 9.13763972853019E-03 
 9.13763972853019E-03 
 3.78907460743052E-02 
 4.50790226607489E-02 
 4.50790226607489E-02 
 4.50790226607489E-02 
 1.63259163149739E-02 
 9.13763972853019E-03 
 9.13763972853019E-03 
 9.13763972853019E-03 
 9.13763972853019E-03 
 9.13763972853019E-03 
 9.13763972853019E-03 
 9.13763972853019E-03 
 1.63259163149739E-02 
 4.50790226607489E-02 
 4.50790226607489E-02 
 4.50790226607489E-02 
 3.78907460743052E-02 
 9.13763972853019E-03 
 9.13763972853019E-03 
 9.13763972853019E-03 
 9.13763972853019E-03 
 9.13763972853019E-03 
 9.13763972853019E-03 
 9.13763972853019E-03 
 9.13763972853019E-03 
 9.13763972853019E-03 
 9.13763972853019E-03 
 9.13763972853019E-03 
 2.35141929014177E-02 
 4.50790226607489E-02 
 0.436738567291616 
 0.828398111922484 
 3.07024694878614E-02 
 9.13763972853019E-03 
 9.13763972853019E-03 
 9.13763972853019E-03 
 9.13763972853019E-03 
 9.13763972853019E-03 
 9.13763972853019E-03 
 9.13763972853019E-03 
 9.13763972853019E-03 
 3.78907460743052E-02 
 4.50790226607489E-02 
 4.50790226607489E-02 
 4.50790226607489E-02 
 1.63259163149739E-02 
 9.13763972853019E-03 
 9.13763972853019E-03 
 9.13763972853019E-03 
 9.13763972853019E-03 
 9.13763972853019E-03 
 9.13763972853019E-03 
 9.13763972853019E-03 
 9.13763972853019E-03 
 1.10870028706166E-02 
 1.23865782986743E-02 
 1.23865782986743E-02 
 2.67631314715618E-02 
 0.048327961230893 
 4.99118187838382E-02 
 5.09677238191351E-02 
 3.65911706462476E-02 
 1.50263408869163E-02 
 1.50263408869163E-02 
 1.50263408869163E-02 
 0.069730344061717 
 0.286596993618834 
 0.285297418190776 
 0.285297418190776 
 0.285297418190776 
 0.285297418190776 
 0.25934652136175 
 0.170894168789578 
 0.047718785248991 
 4.50790226607489E-02 
 1.63259163149739E-02 
 9.13763972853019E-03 
 9.13763972853019E-03 
 5.67345897811408E-02 
 0.247122389991583 
 0.247122389991583 
 0.247122389991583 
 0.247122389991583 
 0.247122389991583 
 0.269864959982592 
 0.269864959982592 
 0.269864959982592 
 0.256219417987986 
 0.247122389991583 
 0.247122389991583 
 0.21390199311186 
 4.50790226607489E-02 
 4.50790226607489E-02 
 4.50790226607489E-02 
 3.22863270408067E-02 
 1.17774023167722E-02 
 1.17774023167722E-02 
 1.17774023167722E-02 
 1.17774023167722E-02 
 1.17774023167722E-02 
 1.17774023167722E-02 
 1.17774023167722E-02 
 1.17774023167722E-02 
 3.33422320761035E-02 
 0.047718785248991 
 0.047718785248991 
 0.047718785248991 
 3.52509834860631E-02 
 3.90684863059824E-02 
 4.42261762860861E-02 
 4.48759640001149E-02 
 3.33828438082303E-02 
 3.73627935566568E-02 
 2.70068018643226E-02 
 2.45700979367145E-02 
 2.07119833846684E-02 
 1.90875140995964E-02 
 4.10178494480688E-02 
 4.34545533756769E-02 
 5.13738411404031E-02 
 5.94149641015096E-02 
 6.67250758843338E-02 
 6.23390088146393E-02 
 7.45225284526796E-02 
 6.57503943132906E-02 
 8.14671346463625E-02 
 0.09584368781925 
 9.17825146065699E-02 
 0.324487739693139 
 6.91617798119418E-02 
 6.34355255820629E-02 
 5.74656009594232E-02 
 5.21860757829391E-02 
 0.20996265509556 
 0.137064595927953 
 7.77308552906968E-02 
 7.67561737196536E-02 
 7.02582965793654E-02 
 0.1110730873668 
 0.120819903077232 
 0.122403760630178 
 0.105265609672668 
 6.15267741721033E-02 
 5.66533663168872E-02 
 5.76280478879304E-02 
 5.66533663168872E-02 
 0.048124902570259 
 4.12615198408297E-02 
