 3.85811455204608E-03 
 3.85811455204608E-03 
 3.85811455204608E-03 
 3.85811455204608E-03 
 3.85811455204608E-03 
 3.85811455204608E-03 
 3.85811455204608E-03 
 3.85811455204608E-03 
 3.85811455204608E-03 
 3.85811455204608E-03 
 3.85811455204608E-03 
 3.85811455204608E-03 
 3.85811455204608E-03 
 3.78095226100516E-02 
 5.94555758336364E-02 
 6.82277099730254E-02 
 6.82277099730254E-02 
 5.12520059440227E-02 
 3.85811455204608E-03 
 3.85811455204608E-03 
 3.85811455204608E-03 
 1.66101984398615E-02 
 3.57383242715847E-02 
 3.57383242715847E-02 
 3.57383242715847E-02 
 2.29862403837693E-02 
 0.021402382830824 
 2.57884499005185E-02 
 6.82277099730254E-02 
 6.38416429033309E-02 
 0.046297374624553 
 0.046297374624553 
 2.08338185810488E-02 
 3.85811455204608E-03 
 3.85811455204608E-03 
 3.85811455204608E-03 
 3.85811455204608E-03 
 3.85811455204608E-03 
 3.85811455204608E-03 
 3.85811455204608E-03 
 1.26302486914351E-02 
 2.57884499005185E-02 
 2.57884499005185E-02 
 2.57884499005185E-02 
 8.24418162174057E-03 
 3.85811455204608E-03 
 5.90494585123684E-02 
 7.81775843440916E-02 
 7.81775843440916E-02 
 7.81775843440916E-02 
 0.039961944412772 
 3.85811455204608E-03 
 3.85811455204608E-03 
 3.85811455204608E-03 
 3.85811455204608E-03 
 3.85811455204608E-03 
 3.85811455204608E-03 
 3.85811455204608E-03 
 3.85811455204608E-03 
 2.57884499005185E-02 
 0.059739857958524 
 6.82277099730254E-02 
 5.94555758336364E-02 
 0.046297374624553 
 4.84497964272734E-02 
 3.57383242715847E-02 
 3.57383242715847E-02 
 3.57383242715847E-02 
 1.66101984398615E-02 
 3.85811455204608E-03 
 3.85811455204608E-03 
 3.85811455204608E-03 
 3.85811455204608E-03 
 3.85811455204608E-03 
 5.96992462263972E-03 
 3.85811455204608E-03 
 3.85811455204608E-03 
 0.021402382830824 
 0.059739857958524 
 6.82277099730254E-02 
 9.57218526228696E-02 
 7.81775843440916E-02 
 6.12018803150889E-02 
 3.57383242715847E-02 
 7.91928776472616E-03 
 9.5437570497982E-03 
 6.29481847965413E-03 
 1.52293995475503E-02 
 2.98496231131986E-02 
 7.02582965793655E-02 
 6.45726540816133E-02 
 0.046500433285187 
 0.047515726588357 
 4.02056148055328E-02 
 4.57694221069045E-02 
 0.050155489176599 
 5.65315311205068E-02 
 0.12008889189895 
 0.107214972814754 
 0.305237778665035 
 0.350804142111306 
 0.299836418292171 
 0.282860714263168 
 0.282860714263168 
 0.282860714263168 
 7.50910927024547E-02 
 2.31486873122765E-02 
 2.31486873122765E-02 
 4.50790226607489E-02 
 6.42071484924721E-02 
 7.69592323802876E-02 
 6.81870982408986E-02 
 7.57814921486104E-02 
 8.46348497522529E-02 
 7.18827658644375E-02 
 6.45726540816133E-02 
 7.43194697920455E-02 
 0.192946339334431 
 0.434545533756769 
 0.452089802035547 
 0.456475869105241 
 0.375942804297795 
 6.85526038300398E-02 
 6.37604194390773E-02 
 6.37604194390773E-02 
 6.37604194390773E-02 
 8.26042631459129E-02 
 6.35573607784433E-02 
 6.35573607784433E-02 
 6.35573607784433E-02 
 0.10599662085095 
 0.110382687920645 
 0.127926956199423 
 0.127926956199423 
 0.116839953328806 
 7.23294949178323E-02 
 6.35573607784433E-02 
 7.79339139513308E-02 
 7.33041764888755E-02 
 8.03706178789389E-02 
 4.42667880182129E-02 
 4.42667880182129E-02 
 7.30605060961147E-02 
 7.29386708997343E-02 
 1.70163157611296E-02 
 2.57884499005185E-02 
 2.57884499005185E-02 
 2.57884499005185E-02 
 3.85811455204608E-03 
 3.85811455204608E-03 
 3.85811455204608E-03 
 4.42261762860861E-02 
 7.81775843440916E-02 
 7.81775843440916E-02 
 7.81775843440916E-02 
 0.046297374624553 
 1.23459665665475E-02 
 3.85811455204608E-03 
 3.85811455204608E-03 
 3.85811455204608E-03 
 3.85811455204608E-03 
 3.85811455204608E-03 
 3.85811455204608E-03 
 3.85811455204608E-03 
 3.85811455204608E-03 
 1.26302486914351E-02 
 6.82277099730254E-02 
 7.46037519169332E-02 
 0.100107919692564 
 8.25636514137861E-02 
 5.27140283005875E-02 
 0.029362282327677 
 3.85811455204608E-03 
 3.85811455204608E-03 
 3.85811455204608E-03 
 3.85811455204608E-03 
 3.85811455204608E-03 
 0.021402382830824 
 2.57884499005185E-02 
 2.57884499005185E-02 
 5.56786847458439E-02 
 7.20858245250715E-02 
 7.20858245250715E-02 
 7.20858245250715E-02 
 7.20858245250715E-02 
 0.038134416467066 
 3.46824192362879E-02 
 3.59413829322187E-02 
 3.85811455204608E-02 
 3.85811455204608E-02 
 3.85811455204608E-02 
 8.80056235187774E-02 
 9.23916905884719E-02 
 9.23916905884719E-02 
 8.80056235187774E-02 
 3.85811455204608E-02 
 3.85811455204608E-02 
 3.85811455204608E-02 
 8.10204055929677E-02 
 0.086868495019227 
 9.17419028744431E-02 
 0.408838307320504 
 0.463907816084446 
 0.472436279831074 
 0.478812321774982 
 0.237213127352644 
 7.61469977377516E-02 
 5.42572741214059E-02 
 4.04086734661668E-02 
 0.055881743406478 
 7.02582965793655E-02 
 5.27140283005875E-02 
 4.42667880182129E-02 
 5.27546400327143E-02 
 9.29196431061203E-02 
 6.72124166698554E-02 
 6.72124166698554E-02 
 6.72124166698554E-02 
 5.20236288544319E-02 
 0.046703491945821 
 6.74560870626162E-02 
 7.85837016653596E-02 
 6.54255004562762E-02 
 7.10299194897747E-02 
 5.27140283005875E-02 
 4.41449528218325E-02 
 0.124556182432898 
 0.055678684745844 
 3.20832683801727E-02 
 2.63570141502937E-02 
 4.18300840906049E-02 
 4.18300840906049E-02 
 0.02119932417019 
 1.60416341900863E-02 
 5.84808942625932E-02 
 5.84808942625932E-02 
 6.36385842426969E-02 
 6.11206568508353E-02 
 2.59102850968989E-02 
 1.77067152072852E-02 
 5.14956763367835E-02 
 0.111885322009336 
 0.237375574281151 
 9.43410537305584E-02 
 7.72029027730484E-02 
 5.80747769413252E-02 
 7.43194697920455E-02 
 8.81274587151578E-02 
 0.101001377799354 
 0.132800364054639 
 0.140597816622985 
 0.161147353079146 
 0.187423143765186 
 0.14128821606914 
 0.111194922563181 
 0.119804609774062 
 8.24824279495325E-02 
 9.58030760871232E-02 
 0.112169604134224 
 0.109245559421094 
 0.118626869542385 
 0.128657967377705 
 0.130769777448299 
 0.141938003783169 
 1.66101984398615E-02 
 3.85811455204608E-03 
 3.85811455204608E-03 
 3.85811455204608E-03 
 3.85811455204608E-03 
 4.65816567494406E-02 
 6.82277099730254E-02 
 6.82277099730254E-02 
 6.82277099730254E-02 
 3.37077376652447E-02 
 3.85811455204608E-03 
 3.85811455204608E-03 
 1.66101984398615E-02 
 3.57383242715847E-02 
 3.57383242715847E-02 
 3.57383242715847E-02 
 2.29862403837693E-02 
 3.85811455204608E-03 
 3.85811455204608E-03 
 3.85811455204608E-03 
 3.85811455204608E-03 
 3.85811455204608E-03 
 3.85811455204608E-03 
 3.85811455204608E-03 
