 8.73152240726218E-03 
 8.73152240726218E-03 
 8.73152240726218E-03 
 8.73152240726218E-03 
 8.73152240726218E-03 
 8.73152240726218E-03 
 4.17488606263513E-02 
 6.90399446155614E-02 
 6.90399446155614E-02 
 6.90399446155614E-02 
 3.98401092163916E-02 
 8.73152240726218E-03 
 8.73152240726218E-03 
 8.73152240726218E-03 
 8.73152240726218E-03 
 8.73152240726218E-03 
 8.73152240726218E-03 
 8.73152240726218E-03 
 8.73152240726218E-03 
 8.73152240726218E-03 
 4.36576120363109E-02 
 6.90399446155614E-02 
 6.90399446155614E-02 
 6.90399446155614E-02 
 0.037931357806432 
 8.73152240726218E-03 
 8.73152240726218E-03 
 8.73152240726218E-03 
 8.73152240726218E-03 
 8.73152240726218E-03 
 8.73152240726218E-03 
 8.73152240726218E-03 
 8.73152240726218E-03 
 8.73152240726218E-03 
 1.57167403330719E-02 
 4.36576120363109E-02 
 4.36576120363109E-02 
 4.36576120363109E-02 
 4.36576120363109E-02 
 1.57167403330719E-02 
 8.73152240726218E-03 
 8.73152240726218E-03 
 8.73152240726218E-03 
 8.73152240726218E-03 
 8.73152240726218E-03 
 8.73152240726218E-03 
 8.73152240726218E-03 
 8.73152240726218E-03 
 4.36576120363109E-02 
 6.90399446155614E-02 
 6.90399446155614E-02 
 6.90399446155614E-02 
 0.037931357806432 
 8.73152240726218E-03 
 8.73152240726218E-03 
 8.73152240726218E-03 
 8.73152240726218E-03 
 8.73152240726218E-03 
 8.73152240726218E-03 
 8.73152240726218E-03 
 8.73152240726218E-03 
 3.66723941105012E-02 
 6.39634780997113E-02 
 6.90399446155614E-02 
 6.90399446155614E-02 
 4.99930422480918E-02 
 8.73152240726218E-03 
 8.73152240726218E-03 
 8.73152240726218E-03 
 8.73152240726218E-03 
 8.73152240726218E-03 
 8.73152240726218E-03 
 8.73152240726218E-03 
 8.73152240726218E-03 
 8.73152240726218E-03 
 8.73152240726218E-03 
 8.73152240726218E-03 
 8.73152240726218E-03 
 1.57167403330719E-02 
 4.36576120363109E-02 
 4.36576120363109E-02 
 6.39634780997113E-02 
 8.52846374662818E-02 
 7.42382463277919E-02 
 6.80246513123914E-02 
 0.050155489176599 
 6.64001820273194E-02 
 4.60943159639189E-02 
 3.22863270408067E-02 
 2.90373884706626E-02 
 4.79624556417518E-02 
 5.09677238191351E-02 
 5.34044277467431E-02 
 0.429469067240919 
 0.654051945902128 
 0.640406403907523 
 0.636995018408871 
 0.293013647294868 
 6.84307686336594E-02 
 6.84307686336594E-02 
 6.84307686336594E-02 
 4.12209081087029E-02 
 6.91617798119418E-02 
 7.61469977377516E-02 
 7.61469977377516E-02 
 7.61469977377516E-02 
 6.48569362065009E-02 
 6.05114808689333E-02 
 7.73653497015556E-02 
 8.75182827332558E-02 
 8.75182827332558E-02 
 8.75182827332558E-02 
 0.461552335621092 
 0.461552335621092 
 0.461552335621092 
 0.461552335621092 
 0.077893302219204 
 8.93458106789619E-02 
 9.30820900346275E-02 
 0.11614955388265 
 0.134830950660979 
 0.265478892912897 
 6.39634780997113E-02 
 4.10990729123225E-02 
 3.41138549865127E-02 
 2.90373884706626E-02 
 8.73152240726218E-03 
 8.73152240726218E-03 
 8.73152240726218E-03 
 8.73152240726218E-03 
 8.73152240726218E-03 
 8.73152240726218E-03 
 1.57167403330719E-02 
 4.36576120363109E-02 
 4.36576120363109E-02 
 4.36576120363109E-02 
 5.88870115838612E-02 
 4.10990729123225E-02 
 3.41138549865127E-02 
 3.41138549865127E-02 
 8.73152240726218E-03 
 8.73152240726218E-03 
 8.73152240726218E-03 
 8.73152240726218E-03 
 8.73152240726218E-03 
 8.73152240726218E-03 
 8.73152240726218E-03 
 8.73152240726218E-03 
 3.66723941105012E-02 
 4.36576120363109E-02 
 4.36576120363109E-02 
 5.88870115838612E-02 
 5.50695087639419E-02 
 3.41138549865127E-02 
 3.41138549865127E-02 
 8.73152240726218E-03 
 8.73152240726218E-03 
 8.73152240726218E-03 
 8.73152240726218E-03 
 8.73152240726218E-03 
 8.73152240726218E-03 
 8.73152240726218E-03 
 8.73152240726218E-03 
 8.73152240726218E-03 
 8.73152240726218E-03 
 8.73152240726218E-03 
 8.73152240726218E-03 
 8.73152240726218E-03 
 8.73152240726218E-03 
 8.73152240726218E-03 
 8.73152240726218E-03 
 2.90373884706626E-02 
 3.41138549865127E-02 
 3.41138549865127E-02 
 2.90373884706626E-02 
 8.73152240726218E-03 
 8.73152240726218E-03 
 8.73152240726218E-03 
 8.73152240726218E-03 
 4.36576120363109E-02 
 4.36576120363109E-02 
 4.36576120363109E-02 
 4.36576120363109E-02 
 2.27019582588817E-02 
 8.73152240726218E-03 
 8.73152240726218E-03 
 6.29481847965413E-02 
 6.29481847965413E-02 
 0.624405381449563 
 0.624405381449563 
 0.620750325558151 
 0.618313621630543 
 8.36601681812097E-02 
 8.89396933576938E-02 
 0.208622467935376 
 6.86338272942934E-02 
 5.46633914426739E-02 
 3.59819946643455E-02 
 3.65505589141208E-02 
 6.19328914933713E-02 
 6.19328914933713E-02 
 6.19328914933713E-02 
 5.17799584616711E-02 
 0.148841998244725 
 0.598007755567142 
 0.598007755567142 
 0.625948627270381 
 0.520642405865587 
 7.14766485431695E-02 
 6.92023915440686E-02 
 0.166954830773278 
 0.595164934318266 
 0.605317867349967 
 0.620547266897517 
 0.508255827566912 
 0.384593103240804 
 0.600241400834116 
 0.595164934318266 
 0.595164934318266 
 0.486041210093553 
 0.263570141502937 
 0.61441489534637 
 0.638213370372675 
 0.648366303404375 
 0.439012824290717 
 0.102138506298904 
 6.72124166698554E-02 
 0.046906550606455 
 4.18300840906049E-02 
 0.047109609267089 
 6.31106317250485E-02 
 5.54350143530831E-02 
 5.54350143530831E-02 
 5.59223551386048E-02 
 6.06333160653136E-02 
 7.53347630952156E-02 
 9.05641626427659E-02 
 0.103153799602074 
 0.108270877850051 
 0.107296196279008 
 7.65531150590196E-02 
 7.65531150590196E-02 
 7.65531150590196E-02 
 7.65531150590196E-02 
 0.086056260376691 
 0.328548912905819 
 0.674763929286796 
 0.684713803657862 
 0.684916862318496 
 0.567345897811408 
 0.729752214586484 
 0.727437345855257 
 0.767074396411014 
 0.643574119013413 
 0.186692132586903 
 0.197616688529013 
 0.211424677452125 
 0.188032319747088 
 0.209150420453024 
 0.201434191348932 
 0.212805476344436 
 0.194936314208644 
 0.170975392253832 
 0.180722207964264 
 0.183158911891872 
 0.201352967884679 
 0.48620365702206 
 0.784415606029158 
 0.78197890210155 
 0.78197890210155 
 0.520520570669206 
 0.201556026545313 
 0.18458032251631 
 0.156964344670085 
 0.155542934045647 
 0.147176917227526 
 0.143643696532495 
 0.159888389383215 
 0.130972836108933 
 0.332000910136597 
 0.108636383439192 
 0.108636383439192 
 2.96871761846914E-02 
 4.36576120363109E-02 
 4.36576120363109E-02 
 6.39634780997113E-02 
 6.20547266897517E-02 
 3.41138549865127E-02 
