 8.93458106789619E-03 
 8.93458106789619E-03 
 8.93458106789619E-03 
 8.93458106789619E-03 
 2.78190365068586E-02 
 2.78190365068586E-02 
 2.78190365068586E-02 
 2.02652543312736E-02 
 8.93458106789619E-03 
 8.93458106789619E-03 
 8.93458106789619E-03 
 8.93458106789619E-03 
 8.93458106789619E-03 
 8.93458106789619E-03 
 8.93458106789619E-03 
 8.93458106789619E-03 
 8.93458106789619E-03 
 8.93458106789619E-03 
 0.048327961230893 
 0.048327961230893 
 0.048327961230893 
 0.048327961230893 
 2.46919331330949E-02 
 8.93458106789619E-03 
 8.93458106789619E-03 
 8.93458106789619E-03 
 8.93458106789619E-03 
 8.93458106789619E-03 
 8.93458106789619E-03 
 8.93458106789619E-03 
 8.93458106789619E-03 
 8.93458106789619E-03 
 8.93458106789619E-03 
 0.048327961230893 
 0.048327961230893 
 6.34355255820629E-02 
 6.72124166698554E-02 
 4.35763885720573E-02 
 2.40421454190661E-02 
 8.93458106789619E-03 
 8.93458106789619E-03 
 8.93458106789619E-03 
 8.93458106789619E-03 
 8.93458106789619E-03 
 8.93458106789619E-03 
 8.93458106789619E-03 
 8.93458106789619E-03 
 8.93458106789619E-03 
 2.40421454190661E-02 
 6.72124166698554E-02 
 6.72124166698554E-02 
 6.34355255820629E-02 
 0.048327961230893 
 2.46919331330949E-02 
 8.93458106789619E-03 
 8.93458106789619E-03 
 8.93458106789619E-03 
 8.93458106789619E-03 
 8.93458106789619E-03 
 8.93458106789619E-03 
 8.93458106789619E-03 
 8.93458106789619E-03 
 8.93458106789619E-03 
 2.78190365068586E-02 
 2.78190365068586E-02 
 2.78190365068586E-02 
 2.02652543312736E-02 
 8.93458106789619E-03 
 3.25706091656943E-02 
 0.048327961230893 
 0.048327961230893 
 0.048327961230893 
 4.04492851982936E-02 
 8.93458106789619E-03 
 8.93458106789619E-03 
 8.93458106789619E-03 
 8.93458106789619E-03 
 8.93458106789619E-03 
 8.93458106789619E-03 
 8.93458106789619E-03 
 8.93458106789619E-03 
 8.93458106789619E-03 
 8.93458106789619E-03 
 8.93458106789619E-03 
 8.93458106789619E-03 
 1.64883632434811E-02 
 3.56977125394579E-02 
 6.72124166698554E-02 
 6.72124166698554E-02 
 5.21048523186855E-02 
 0.048327961230893 
 1.68132571004955E-02 
 8.93458106789619E-03 
 8.93458106789619E-03 
 8.93458106789619E-03 
 8.93458106789619E-03 
 8.93458106789619E-03 
 8.93458106789619E-03 
 8.93458106789619E-03 
 8.93458106789619E-03 
 3.25706091656943E-02 
 0.048327961230893 
 0.048327961230893 
 6.72124166698554E-02 
 0.129916931073636 
 0.168985417379618 
 3.09055281484954E-02 
 3.55352656109507E-02 
 3.78095226100516E-02 
 3.83780868598268E-02 
 3.83780868598268E-02 
 3.83780868598268E-02 
 3.83780868598268E-02 
 3.83780868598268E-02 
 8.93458106789619E-03 
 8.93458106789619E-03 
 8.93458106789619E-03 
 8.93458106789619E-03 
 8.93458106789619E-03 
 1.64883632434811E-02 
 2.78190365068586E-02 
 2.78190365068586E-02 
 2.78190365068586E-02 
 1.27114721556887E-02 
 8.93458106789619E-03 
 8.93458106789619E-03 
 8.93458106789619E-03 
 8.93458106789619E-03 
 4.04492851982936E-02 
 0.048327961230893 
 0.048327961230893 
 6.72124166698554E-02 
 5.14550646046567E-02 
 2.78190365068586E-02 
 2.02652543312736E-02 
 8.93458106789619E-03 
 8.93458106789619E-03 
 8.93458106789619E-03 
 8.93458106789619E-03 
 8.93458106789619E-03 
 8.93458106789619E-03 
 8.93458106789619E-03 
 8.93458106789619E-03 
 0.048327961230893 
 0.048327961230893 
 0.048327961230893 
 0.048327961230893 
 2.46919331330949E-02 
 8.93458106789619E-03 
 8.93458106789619E-03 
 8.93458106789619E-03 
 8.93458106789619E-03 
 1.27114721556887E-02 
 2.78190365068586E-02 
 2.78190365068586E-02 
 2.78190365068586E-02 
 1.64883632434811E-02 
 8.93458106789619E-03 
 8.93458106789619E-03 
 4.04492851982936E-02 
 0.048327961230893 
 0.048327961230893 
 0.048327961230893 
 3.25706091656943E-02 
 8.93458106789619E-03 
 8.93458106789619E-03 
 1.64883632434811E-02 
 2.78190365068586E-02 
 2.78190365068586E-02 
 2.78190365068586E-02 
 1.27114721556887E-02 
 8.93458106789619E-03 
 3.83780868598268E-02 
 3.83780868598268E-02 
 6.98927909902242E-02 
 7.77714670228236E-02 
 7.77714670228236E-02 
 7.77714670228236E-02 
 0.059739857958524 
 5.00336539802186E-02 
 5.96992462263972E-02 
 5.96992462263972E-02 
 7.00146261866046E-02 
 8.54876961269158E-02 
 8.98331514644835E-02 
 0.107214972814754 
 8.59344251803106E-02 
 8.06142882716997E-02 
 0.108676995171319 
 0.101123212995734 
 0.101123212995734 
 0.101123212995734 
 0.077487184897936 
 6.17298328327373E-02 
 6.17298328327373E-02 
 6.55067239205298E-02 
 8.00457240219245E-02 
 7.77714670228236E-02 
 7.77714670228236E-02 
 6.64407937594462E-02 
 5.88870115838612E-02 
 5.88870115838612E-02 
 0.44583559528802 
 0.542572741214059 
 0.542572741214059 
 0.25236130343594 
 7.46443636490599E-02 
 9.34475956237687E-02 
 8.16701933069965E-02 
 9.30008665703739E-02 
 9.30008665703739E-02 
 5.36074864073771E-02 
 3.84999220562072E-02 
 0.039555827091504 
 5.88870115838612E-02 
 0.270636582893001 
 8.93458106789619E-03 
 8.93458106789619E-03 
 8.93458106789619E-03 
 1.64883632434811E-02 
 2.78190365068586E-02 
 3.56977125394579E-02 
 6.72124166698554E-02 
 5.21048523186855E-02 
 0.048327961230893 
 0.048327961230893 
 1.68132571004955E-02 
 8.93458106789619E-03 
 8.93458106789619E-03 
 8.93458106789619E-03 
 8.93458106789619E-03 
 8.93458106789619E-03 
 8.93458106789619E-03 
 1.64883632434811E-02 
 2.78190365068586E-02 
 2.78190365068586E-02 
 2.78190365068586E-02 
 4.42261762860861E-02 
 0.1291046964311 
 9.45441123911924E-02 
 7.41164111314115E-02 
 5.83590590662128E-02 
 0.228197322820494 
 0.539689308233056 
 0.556340118405045 
 0.46715675465459 
 8.02081709504317E-02 
 8.02081709504317E-02 
 6.74154753304894E-02 
 7.65531150590196E-02 
 9.89301794608868E-02 
 0.140110475837463 
 0.140110475837463 
 0.140110475837463 
 0.148232822262823 
 0.102341564959538 
 0.100351590085325 
 5.41354389250255E-02 
 8.93458106789619E-03 
 8.93458106789619E-03 
 8.93458106789619E-03 
 8.93458106789619E-03 
 8.93458106789619E-03 
 8.93458106789619E-03 
 8.93458106789619E-03 
 0.048327961230893 
 0.048327961230893 
 0.048327961230893 
 0.048327961230893 
 2.46919331330949E-02 
 8.93458106789619E-03 
 8.93458106789619E-03 
 8.93458106789619E-03 
 2.78190365068586E-02 
 2.78190365068586E-02 
 2.78190365068586E-02 
 2.02652543312736E-02 
 8.93458106789619E-03 
 8.93458106789619E-03 
 8.93458106789619E-03 
 8.93458106789619E-03 
 8.93458106789619E-03 
 0.048327961230893 
 0.048327961230893 
 0.048327961230893 
 0.048327961230893 
 2.46919331330949E-02 
 1.27114721556887E-02 
