 9.7468157104322E-03 
 9.7468157104322E-03 
 9.7468157104322E-03 
 9.7468157104322E-03 
 9.7468157104322E-03 
 9.7468157104322E-03 
 9.7468157104322E-03 
 9.7468157104322E-03 
 9.7468157104322E-03 
 9.7468157104322E-03 
 9.7468157104322E-03 
 9.7468157104322E-03 
 9.7468157104322E-03 
 9.7468157104322E-03 
 9.7468157104322E-03 
 9.7468157104322E-03 
 9.7468157104322E-03 
 9.7468157104322E-03 
 1.61228576543399E-02 
 4.16270254299709E-02 
 4.16270254299709E-02 
 4.16270254299709E-02 
 3.52509834860631E-02 
 9.7468157104322E-03 
 9.7468157104322E-03 
 9.7468157104322E-03 
 9.7468157104322E-03 
 9.7468157104322E-03 
 9.7468157104322E-03 
 0.271205147142776 
 1.27926956199423E-02 
 1.52293995475503E-02 
 0.026925578400069 
 5.02367126408526E-02 
 9.7468157104322E-03 
 9.7468157104322E-03 
 3.93933801629968E-02 
 4.26423187331409E-02 
 5.96992462263973E-02 
 0.047515726588357 
 9.7468157104322E-03 
 9.7468157104322E-03 
 9.7468157104322E-03 
 9.7468157104322E-03 
 9.7468157104322E-03 
 9.7468157104322E-03 
 9.7468157104322E-03 
 9.7468157104322E-03 
 2.88749415421554E-02 
 4.16270254299709E-02 
 4.16270254299709E-02 
 4.16270254299709E-02 
 2.24988995982477E-02 
 9.7468157104322E-03 
 9.7468157104322E-03 
 9.7468157104322E-03 
 9.7468157104322E-03 
 9.7468157104322E-03 
 9.7468157104322E-03 
 9.7468157104322E-03 
 2.24988995982477E-02 
 4.16270254299709E-02 
 4.16270254299709E-02 
 4.16270254299709E-02 
 2.88749415421554E-02 
 9.7468157104322E-03 
 9.7468157104322E-03 
 9.7468157104322E-03 
 9.7468157104322E-03 
 9.7468157104322E-03 
 9.7468157104322E-03 
 9.7468157104322E-03 
 9.7468157104322E-03 
 9.7468157104322E-03 
 9.7468157104322E-03 
 9.7468157104322E-03 
 9.7468157104322E-03 
 9.7468157104322E-03 
 3.52509834860631E-02 
 4.16270254299709E-02 
 4.16270254299709E-02 
 4.16270254299709E-02 
 1.61228576543399E-02 
 9.7468157104322E-03 
 9.7468157104322E-03 
 9.7468157104322E-03 
 9.7468157104322E-03 
 9.7468157104322E-03 
 9.7468157104322E-03 
 9.7468157104322E-03 
 9.7468157104322E-03 
 9.7468157104322E-03 
 9.7468157104322E-03 
 9.7468157104322E-03 
 9.7468157104322E-03 
 9.7468157104322E-03 
 9.7468157104322E-03 
 9.7468157104322E-03 
 9.7468157104322E-03 
 9.7468157104322E-03 
 9.7468157104322E-03 
 9.7468157104322E-03 
 9.7468157104322E-03 
 9.7468157104322E-03 
 9.7468157104322E-03 
 9.7468157104322E-03 
 9.7468157104322E-03 
 9.7468157104322E-03 
 3.93933801629968E-02 
 4.57694221069045E-02 
 7.12735898825355E-02 
 6.82277099730254E-02 
 6.82277099730254E-02 
 1.04335601006964 
 9.7468157104322E-03 
 9.7468157104322E-03 
 9.7468157104322E-03 
 9.7468157104322E-03 
 9.7468157104322E-03 
 9.7468157104322E-03 
 9.7468157104322E-03 
 9.7468157104322E-03 
 3.52509834860631E-02 
 4.16270254299709E-02 
 4.16270254299709E-02 
 4.16270254299709E-02 
 1.61228576543399E-02 
 9.7468157104322E-03 
 9.7468157104322E-03 
 9.7468157104322E-03 
 9.7468157104322E-03 
 9.7468157104322E-03 
 9.7468157104322E-03 
 9.7468157104322E-03 
 9.7468157104322E-03 
 9.7468157104322E-03 
 9.7468157104322E-03 
 9.7468157104322E-03 
 1.61228576543399E-02 
 4.16270254299709E-02 
 4.16270254299709E-02 
 4.16270254299709E-02 
 3.52509834860631E-02 
 9.7468157104322E-03 
 9.7468157104322E-03 
 9.7468157104322E-03 
 9.7468157104322E-03 
 9.7468157104322E-03 
 9.7468157104322E-03 
 9.7468157104322E-03 
 9.7468157104322E-03 
 9.7468157104322E-03 
 3.52509834860631E-02 
 4.16270254299709E-02 
 4.16270254299709E-02 
 4.16270254299709E-02 
 1.61228576543399E-02 
 9.7468157104322E-03 
 9.7468157104322E-03 
 9.7468157104322E-03 
 9.7468157104322E-03 
 9.7468157104322E-03 
 9.7468157104322E-03 
 9.7468157104322E-03 
 9.7468157104322E-03 
 9.7468157104322E-03 
 9.7468157104322E-03 
 9.7468157104322E-03 
 2.88749415421554E-02 
 4.16270254299709E-02 
 4.16270254299709E-02 
 4.16270254299709E-02 
 2.24988995982477E-02 
 9.7468157104322E-03 
 9.7468157104322E-03 
 9.7468157104322E-03 
 9.7468157104322E-03 
 9.7468157104322E-03 
 3.63475002534868E-02 
 3.63475002534868E-02 
 4.56881986426509E-02 
 6.08363747259476E-02 
 7.52941513630888E-02 
 0.094422277194812 
 0.101732388977636 
 0.094422277194812 
 8.16701933069965E-02 
 6.25420674752733E-02 
 6.25420674752733E-02 
 6.25420674752733E-02 
 6.25420674752733E-02 
 6.64407937594462E-02 
 6.90399446155614E-02 
 6.90399446155614E-02 
 7.54159865594692E-02 
 9.02798805178783E-02 
 7.20452127929447E-02 
 7.14766485431695E-02 
 6.51006065992617E-02 
 3.95964388236308E-02 
 3.95964388236308E-02 
 3.95964388236308E-02 
 3.95964388236308E-02 
 3.95964388236308E-02 
 4.60943159639189E-02 
 0.047718785248991 
 6.49381596707546E-02 
 4.76375617847374E-02 
 3.95964388236308E-02 
 4.17488606263513E-02 
 0.048124902570259 
 0.048124902570259 
 0.048124902570259 
 2.26207347946281E-02 
 1.62446928507203E-02 
 1.62446928507203E-02 
 1.62446928507203E-02 
 0.282779490798914 
 2.43670392760805E-02 
 2.43670392760805E-02 
 2.43670392760805E-02 
 3.07430812199882E-02 
 0.049749371855331 
 0.049749371855331 
 5.36480981395039E-02 
 4.98712070517114E-02 
 2.43670392760805E-02 
 2.43670392760805E-02 
 2.43670392760805E-02 
 2.43670392760805E-02 
 5.21048523186855E-02 
 0.228197322820494 
 0.489777489449218 
 0.468496941814774 
 0.465613508833772 
 0.466222684815674 
 0.466222684815674 
 3.02557404344666E-02 
 0.2886681919573 
 4.92620310698094E-02 
 5.56380730137171E-02 
 5.56380730137171E-02 
 5.56380730137171E-02 
 3.01339052380862E-02 
 2.37578632941785E-02 
 3.08243046842418E-02 
 0.300242535613439 
 3.18802097195387E-02 
 1.78691621357924E-02 
 2.19303353484725E-02 
 3.16771510589047E-02 
 3.28955030227087E-02 
 3.71597348960228E-02 
 3.47230309684147E-02 
 7.06644139006335E-02 
 8.91427520183278E-02 
 9.03611039821319E-02 
 0.105387444869048 
 7.35072351495095E-02 
 7.53347630952156E-02 
 7.37102938101435E-02 
 7.16797072038035E-02 
 7.16797072038035E-02 
 7.39539642029043E-02 
 0.328264630780931 
 5.60441903349852E-02 
 5.68564249775212E-02 
 6.04302574046796E-02 
 7.44819167205527E-02 
 0.098483450407492 
 0.116961788525186 
 0.107214972814754 
 9.20261849993307E-02 
 7.28980591676075E-02 
 7.28980591676075E-02 
 7.93959363078956E-02 
 8.10204055929677E-02 
 8.04518413431925E-02 
 9.7468157104322E-03 
 9.7468157104322E-03 
 9.7468157104322E-03 
 1.61228576543399E-02 
 4.16270254299709E-02 
 4.16270254299709E-02 
 4.16270254299709E-02 
 3.52509834860631E-02 
 9.7468157104322E-03 
 9.7468157104322E-03 
