 7.31011178282415E-03 
 7.31011178282415E-03 
 1.11682263348702E-02 
 2.66006845430545E-02 
 2.66006845430545E-02 
 2.66006845430545E-02 
 1.50263408869163E-02 
 7.31011178282415E-03 
 7.31011178282415E-03 
 7.31011178282415E-03 
 7.31011178282415E-03 
 7.31011178282415E-03 
 7.31011178282415E-03 
 7.31011178282415E-03 
 7.31011178282415E-03 
 7.31011178282415E-03 
 2.66006845430545E-02 
 2.66006845430545E-02 
 2.66006845430545E-02 
 1.88844554389624E-02 
 7.31011178282415E-03 
 7.31011178282415E-03 
 7.31011178282415E-03 
 7.31011178282415E-03 
 7.31011178282415E-03 
 7.31011178282415E-03 
 7.31011178282415E-03 
 7.31011178282415E-03 
 7.31011178282415E-03 
 7.31011178282415E-03 
 7.31011178282415E-03 
 7.31011178282415E-03 
 2.66006845430545E-02 
 2.66006845430545E-02 
 2.66006845430545E-02 
 1.88844554389624E-02 
 8.12234642536017E-03 
 2.11181007059364E-02 
 1.32800364054639E-02 
 2.19303353484725E-02 
 2.84282124887606E-02 
 3.00526817738326E-02 
 7.31011178282415E-03 
 1.50263408869163E-02 
 2.66006845430545E-02 
 2.66006845430545E-02 
 2.66006845430545E-02 
 1.11682263348702E-02 
 7.31011178282415E-03 
 7.31011178282415E-03 
 7.31011178282415E-03 
 7.31011178282415E-03 
 7.31011178282415E-03 
 7.31011178282415E-03 
 1.88844554389624E-02 
 2.66006845430545E-02 
 2.66006845430545E-02 
 2.66006845430545E-02 
 7.31011178282415E-03 
 7.31011178282415E-03 
 7.31011178282415E-03 
 7.31011178282415E-03 
 7.31011178282415E-03 
 7.31011178282415E-03 
 7.31011178282415E-03 
 7.31011178282415E-03 
 7.31011178282415E-03 
 1.88844554389624E-02 
 2.66006845430545E-02 
 2.66006845430545E-02 
 2.66006845430545E-02 
 7.31011178282415E-03 
 7.31011178282415E-03 
 7.31011178282415E-03 
 7.31011178282415E-03 
 7.31011178282415E-03 
 7.31011178282415E-03 
 7.31011178282415E-03 
 7.31011178282415E-03 
 7.31011178282415E-03 
 9.7468157104322E-03 
 7.79745256834576E-03 
 1.05590503529682E-02 
 1.18586257810258E-02 
 1.62446928507203E-02 
 6.40040898318381E-02 
 7.91928776472616E-02 
 6.61971233666854E-02 
 6.39634780997113E-02 
 1.05854479788506 
 0.049343254534063 
 6.39634780997113E-02 
 6.39634780997113E-02 
 4.20331427512389E-02 
 3.71597348960228E-02 
 3.71597348960228E-02 
 3.56977125394579E-02 
 3.47230309684147E-02 
 4.20331427512389E-02 
 4.20331427512389E-02 
 3.87842041810948E-02 
 3.47230309684147E-02 
 5.11707824797691E-02 
 5.40136037286451E-02 
 7.35072351495095E-02 
 7.83806430047256E-02 
 5.90900702444952E-02 
 0.046906550606455 
 4.38606706969449E-02 
 4.38606706969449E-02 
 4.38606706969449E-02 
 5.68564249775212E-02 
 6.88774976870542E-02 
 7.47255871133135E-02 
 0.472314444634694 
 0.468862447403916 
 0.480436791060054 
 0.480436791060054 
 0.15830453183027 
 6.23390088146393E-02 
 2.19303353484725E-02 
 2.19303353484725E-02 
 0.046297374624553 
 0.046297374624553 
 0.046297374624553 
 0.046297374624553 
 0.046297374624553 
 0.046297374624553 
 0.046297374624553 
 0.046297374624553 
 5.42978858535327E-02 
 5.75468244236768E-02 
 0.046297374624553 
 6.06739277974405E-02 
 2.19303353484725E-02 
 2.19303353484725E-02 
 0.03630688852136 
 2.19303353484725E-02 
 5.55974612815904E-02 
 0.141734945122535 
 2.66006845430545E-02 
 1.88844554389624E-02 
 7.31011178282415E-03 
 7.31011178282415E-03 
 7.31011178282415E-03 
 7.31011178282415E-03 
 7.31011178282415E-03 
 7.31011178282415E-03 
 7.31011178282415E-03 
 7.31011178282415E-03 
 7.31011178282415E-03 
 7.31011178282415E-03 
 1.88844554389624E-02 
 2.66006845430545E-02 
 2.66006845430545E-02 
 2.66006845430545E-02 
 7.31011178282415E-03 
 7.31011178282415E-03 
 7.31011178282415E-03 
 7.31011178282415E-03 
 7.31011178282415E-03 
 7.31011178282415E-03 
 7.31011178282415E-03 
 1.88844554389624E-02 
 2.66006845430545E-02 
 2.66006845430545E-02 
 2.66006845430545E-02 
 7.31011178282415E-03 
 7.31011178282415E-03 
 7.31011178282415E-03 
 7.31011178282415E-03 
 7.31011178282415E-03 
 7.31011178282415E-03 
 7.31011178282415E-03 
 7.31011178282415E-03 
 7.31011178282415E-03 
 7.31011178282415E-03 
 7.31011178282415E-03 
 7.31011178282415E-03 
 7.31011178282415E-03 
 7.31011178282415E-03 
 7.31011178282415E-03 
 1.50263408869163E-02 
 2.66006845430545E-02 
 2.66006845430545E-02 
 2.66006845430545E-02 
 3.55352656109507E-02 
 0.12605881652159 
 0.284688242208874 
 0.304181873629738 
 0.323431834657842 
 0.336265142009911 
 0.336265142009911 
 0.227263252981577 
 6.37604194390773E-02 
 6.37604194390773E-02 
 4.42667880182129E-02 
 3.93933801629968E-02 
 1.50263408869163E-02 
 2.66006845430545E-02 
 2.66006845430545E-02 
 2.66006845430545E-02 
 1.11682263348702E-02 
 7.31011178282415E-03 
 7.31011178282415E-03 
 7.31011178282415E-03 
 7.31011178282415E-03 
 7.31011178282415E-03 
 7.31011178282415E-03 
 7.31011178282415E-03 
 2.27425699910085E-02 
 2.66006845430545E-02 
 2.66006845430545E-02 
 2.27425699910085E-02 
 7.31011178282415E-03 
 7.31011178282415E-03 
 7.31011178282415E-03 
 7.31011178282415E-03 
 7.31011178282415E-03 
 7.31011178282415E-03 
 7.31011178282415E-03 
 7.31011178282415E-03 
 7.31011178282415E-03 
 7.31011178282415E-03 
 7.31011178282415E-03 
 7.31011178282415E-03 
 7.31011178282415E-03 
 7.31011178282415E-03 
 7.31011178282415E-03 
 7.31011178282415E-03 
 7.31011178282415E-03 
 7.31011178282415E-03 
 7.31011178282415E-03 
 7.31011178282415E-03 
 3.93933801629968E-02 
 3.93933801629968E-02 
 3.93933801629968E-02 
 3.93933801629968E-02 
 3.93933801629968E-02 
 3.93933801629968E-02 
 3.93933801629968E-02 
 3.93933801629968E-02 
 3.93933801629968E-02 
 6.33543021178093E-02 
 6.33543021178093E-02 
 6.33543021178093E-02 
 6.33543021178093E-02 
 6.38416429033309E-02 
 0.174061883895468 
 0.259427744826004 
 0.259102850968989 
 0.268849666679422 
 0.268849666679422 
 0.28753106345775 
 0.211018560130857 
 0.147014470299019 
 0.129145308163227 
 0.129145308163227 
 0.133368928304414 
 0.139704358516195 
 0.139704358516195 
 0.132394246733371 
 0.115337319240114 
 0.126546157307111 
 0.12313477180846 
 0.11208838066997 
 0.110666970045532 
 0.125287193611181 
 0.124474958968645 
 0.139095182534293 
 0.138282947891757 
 0.135846243964149 
 0.152700112796771 
 0.140516593158731 
 0.131582012090835 
 0.120941738273613 
 7.31011178282415E-03 
 7.31011178282415E-03 
 7.31011178282415E-03 
 7.31011178282415E-03 
 7.31011178282415E-03 
 7.31011178282415E-03 
 7.31011178282415E-03 
 7.31011178282415E-03 
 7.31011178282415E-03 
 2.27425699910085E-02 
 2.66006845430545E-02 
 2.66006845430545E-02 
