 1.67726453683687E-02 
 0.119601551113428 
 6.31512434571753E-02 
 8.42693441631118E-02 
 8.73558358047486E-02 
 6.96491205974634E-02 
 7.77714670228236E-02 
 0.07870553686174 
 0.144658989835665 
 0.099498743710662 
 1.07621090136022E-02 
 1.07621090136022E-02 
 1.07621090136022E-02 
 1.07621090136022E-02 
 1.07621090136022E-02 
 1.07621090136022E-02 
 1.07621090136022E-02 
 1.07621090136022E-02 
 1.07621090136022E-02 
 1.07621090136022E-02 
 1.07621090136022E-02 
 1.07621090136022E-02 
 0.018762620242582 
 0.050764665158501 
 0.050764665158501 
 0.050764665158501 
 0.050764665158501 
 0.018762620242582 
 1.07621090136022E-02 
 1.07621090136022E-02 
 1.07621090136022E-02 
 1.07621090136022E-02 
 1.07621090136022E-02 
 1.07621090136022E-02 
 1.07621090136022E-02 
 1.07621090136022E-02 
 1.07621090136022E-02 
 1.07621090136022E-02 
 1.07621090136022E-02 
 1.07621090136022E-02 
 2.67631314715618E-02 
 0.050764665158501 
 0.050764665158501 
 0.050764665158501 
 0.050764665158501 
 1.07621090136022E-02 
 1.07621090136022E-02 
 1.07621090136022E-02 
 1.07621090136022E-02 
 1.07621090136022E-02 
 1.07621090136022E-02 
 1.07621090136022E-02 
 1.07621090136022E-02 
 1.07621090136022E-02 
 0.018762620242582 
 0.050764665158501 
 0.050764665158501 
 0.050764665158501 
 0.050764665158501 
 0.018762620242582 
 1.07621090136022E-02 
 1.07621090136022E-02 
 1.07621090136022E-02 
 1.07621090136022E-02 
 1.07621090136022E-02 
 1.07621090136022E-02 
 1.07621090136022E-02 
 1.07621090136022E-02 
 3.47636427005415E-02 
 0.050764665158501 
 0.050764665158501 
 0.050764665158501 
 4.27641539295213E-02 
 1.07621090136022E-02 
 1.07621090136022E-02 
 1.07621090136022E-02 
 1.07621090136022E-02 
 1.07621090136022E-02 
 1.07621090136022E-02 
 1.07621090136022E-02 
 1.07621090136022E-02 
 1.07621090136022E-02 
 2.67631314715618E-02 
 0.050764665158501 
 8.22387575567717E-02 
 7.89898189866276E-02 
 0.183037076695491 
 0.150141573672783 
 0.125896369593083 
 0.096655922461786 
 0.165370973220333 
 2.11181007059364E-02 
 1.94936314208644E-02 
 1.29957542805763E-02 
 1.29957542805763E-02 
 1.29957542805763E-02 
 1.29957542805763E-02 
 4.49977991964953E-02 
 5.29983104254751E-02 
 5.29983104254751E-02 
 5.42166623892791E-02 
 3.82562516634464E-02 
 1.38079889231123E-02 
 1.38079889231123E-02 
 1.38079889231123E-02 
 0.335940248152897 
 1.07621090136022E-02 
 1.07621090136022E-02 
 1.07621090136022E-02 
 1.07621090136022E-02 
 1.07621090136022E-02 
 4.27641539295213E-02 
 0.050764665158501 
 0.050764665158501 
 0.050764665158501 
 3.47636427005415E-02 
 1.07621090136022E-02 
 1.07621090136022E-02 
 1.07621090136022E-02 
 1.07621090136022E-02 
 1.07621090136022E-02 
 1.07621090136022E-02 
 1.07621090136022E-02 
 1.07621090136022E-02 
 1.07621090136022E-02 
 1.07621090136022E-02 
 4.27641539295213E-02 
 0.050764665158501 
 0.050764665158501 
 0.050764665158501 
 3.47636427005415E-02 
 1.07621090136022E-02 
 1.07621090136022E-02 
 1.07621090136022E-02 
 1.07621090136022E-02 
 1.07621090136022E-02 
 1.07621090136022E-02 
 1.07621090136022E-02 
 1.07621090136022E-02 
 1.07621090136022E-02 
 1.07621090136022E-02 
 1.07621090136022E-02 
 0.257478381683917 
 0.257478381683917 
 1.07621090136022E-02 
 4.27641539295213E-02 
 0.050764665158501 
 0.050764665158501 
 0.050764665158501 
 3.47636427005415E-02 
 1.07621090136022E-02 
 1.07621090136022E-02 
 1.07621090136022E-02 
 1.07621090136022E-02 
 1.07621090136022E-02 
 1.07621090136022E-02 
 1.07621090136022E-02 
 1.07621090136022E-02 
 1.07621090136022E-02 
 1.07621090136022E-02 
 1.07621090136022E-02 
 4.27641539295213E-02 
 0.297927666882211 
 0.29971458309579 
 0.310273633448758 
 0.109083112492587 
 3.51291482896827E-02 
 3.33016203439767E-02 
 3.33016203439767E-02 
 2.51792739186165E-02 
 1.29957542805763E-02 
 1.29957542805763E-02 
 1.29957542805763E-02 
 1.29957542805763E-02 
 1.29957542805763E-02 
 1.29957542805763E-02 
 1.29957542805763E-02 
 1.40922710479999E-02 
 2.29456286516425E-02 
 2.29456286516425E-02 
 4.69471623385818E-02 
 6.29481847965413E-02 
 6.29481847965413E-02 
 0.190144129817682 
 5.49476735675615E-02 
 2.29456286516425E-02 
 2.38390867584321E-02 
 3.96776622878844E-02 
 0.049343254534063 
 0.049343254534063 
 0.049343254534063 
 0.049343254534063 
 0.049343254534063 
 0.049343254534063 
 0.050155489176599 
 0.111804098545083 
 0.178204280572402 
 9.34069838916419E-02 
 9.34069838916419E-02 
 0.554959319512733 
 0.512520059440227 
 0.510733143226647 
 0.139744970248322 
 0.047109609267089 
 0.047109609267089 
 0.047109609267089 
 0.047109609267089 
 0.047109609267089 
 0.047109609267089 
 6.31106317250485E-02 
 0.164599350309924 
 0.319573720105796 
 0.24208653520786 
 8.71121654119878E-02 
 0.047109609267089 
 0.047109609267089 
 0.047109609267089 
 0.047109609267089 
 0.047109609267089 
 4.22768131439997E-02 
 2.29456286516425E-02 
 2.29456286516425E-02 
 1.31988129412103E-02 
 0.050764665158501 
 0.050764665158501 
 0.050764665158501 
 0.050764665158501 
 2.67631314715618E-02 
 1.07621090136022E-02 
 1.07621090136022E-02 
 1.07621090136022E-02 
 1.07621090136022E-02 
 1.07621090136022E-02 
 1.25490252271815E-02 
 1.29957542805763E-02 
 1.29957542805763E-02 
 2.26613465267549E-02 
 4.28453773937749E-02 
 0.066075288170305 
 6.55879473847834E-02 
 8.95894810717227E-02 
 0.105590503529682 
 0.318720873731133 
 8.14265229142357E-02 
 9.27978079097399E-02 
 7.77714670228236E-02 
 7.77714670228236E-02 
 7.73247379694288E-02 
 0.10802720745729 
 8.77213413938898E-02 
 9.11733386246679E-02 
 0.110666970045532 
 0.118789316470892 
 0.110666970045532 
 0.128170626592183 
 0.166101984398615 
 0.231568096587018 
 0.174021272163342 
 0.133937492554189 
 0.334193943671444 
 0.105265609672668 
 0.120170115363204 
 0.098077333086224 
 0.148435880923457 
 0.246919331330949 
 0.244482627403341 
 0.238796984905589 
 0.220115588127261 
 0.221577610483825 
 0.226613465267549 
 0.239974725137266 
 0.467400425047351 
 0.228847110534523 
 0.227019582588817 
 0.218288060181555 
 0.242248982136367 
 1.07621090136022E-02 
 1.07621090136022E-02 
 1.07621090136022E-02 
 1.07621090136022E-02 
 5.44197210499131E-02 
 0.174386777752483 
 0.050764665158501 
 0.050764665158501 
 0.050764665158501 
 0.050764665158501 
 1.07621090136022E-02 
 1.07621090136022E-02 
