 1.03559916923342E-02 
 1.03559916923342E-02 
 1.03559916923342E-02 
 1.03559916923342E-02 
 1.03559916923342E-02 
 1.03559916923342E-02 
 1.03559916923342E-02 
 1.03559916923342E-02 
 1.03559916923342E-02 
 1.03559916923342E-02 
 1.03559916923342E-02 
 1.03559916923342E-02 
 1.03559916923342E-02 
 1.03559916923342E-02 
 1.03559916923342E-02 
 1.03559916923342E-02 
 1.03559916923342E-02 
 1.03559916923342E-02 
 1.03559916923342E-02 
 1.03559916923342E-02 
 1.03559916923342E-02 
 1.03559916923342E-02 
 1.03559916923342E-02 
 1.03559916923342E-02 
 1.03559916923342E-02 
 1.03559916923342E-02 
 1.03559916923342E-02 
 1.03559916923342E-02 
 1.03559916923342E-02 
 1.03559916923342E-02 
 1.03559916923342E-02 
 1.03559916923342E-02 
 1.03559916923342E-02 
 1.03559916923342E-02 
 1.03559916923342E-02 
 1.03559916923342E-02 
 1.03559916923342E-02 
 1.03559916923342E-02 
 1.03559916923342E-02 
 1.03559916923342E-02 
 1.03559916923342E-02 
 1.03559916923342E-02 
 1.03559916923342E-02 
 1.03559916923342E-02 
 1.03559916923342E-02 
 1.03559916923342E-02 
 1.03559916923342E-02 
 1.03559916923342E-02 
 1.03559916923342E-02 
 1.03559916923342E-02 
 1.03559916923342E-02 
 1.03559916923342E-02 
 1.03559916923342E-02 
 1.03559916923342E-02 
 1.03559916923342E-02 
 1.03559916923342E-02 
 1.03559916923342E-02 
 1.03559916923342E-02 
 1.03559916923342E-02 
 1.03559916923342E-02 
 1.03559916923342E-02 
 1.03559916923342E-02 
 1.03559916923342E-02 
 1.03559916923342E-02 
 1.03559916923342E-02 
 1.03559916923342E-02 
 1.03559916923342E-02 
 1.03559916923342E-02 
 1.03559916923342E-02 
 1.03559916923342E-02 
 1.03559916923342E-02 
 1.03559916923342E-02 
 1.03559916923342E-02 
 1.03559916923342E-02 
 1.03559916923342E-02 
 1.03559916923342E-02 
 1.03559916923342E-02 
 1.03559916923342E-02 
 1.03559916923342E-02 
 1.03559916923342E-02 
 1.03559916923342E-02 
 1.03559916923342E-02 
 1.03559916923342E-02 
 1.03559916923342E-02 
 3.22863270408067E-02 
 3.30985616833427E-02 
 4.04898969304204E-02 
 5.92931289051292E-02 
 6.10800451187085E-02 
 6.15267741721033E-02 
 7.37102938101435E-02 
 8.18326402355037E-02 
 8.02081709504317E-02 
 7.37102938101435E-02 
 7.37102938101435E-02 
 7.37102938101435E-02 
 7.37102938101435E-02 
 7.37102938101435E-02 
 6.88368859549274E-02 
 6.15267741721033E-02 
 0.059739857958524 
 5.92931289051292E-02 
 5.92931289051292E-02 
 5.92931289051292E-02 
 5.60441903349852E-02 
 5.11707824797691E-02 
 5.48258383711811E-02 
 5.72625422987892E-02 
 5.72625422987892E-02 
 5.72625422987892E-02 
 5.72625422987892E-02 
 6.37604194390773E-02 
 6.53848887241494E-02 
 6.53848887241494E-02 
 6.53848887241494E-02 
 6.53848887241494E-02 
 6.05114808689332E-02 
 5.88870115838612E-02 
 6.11206568508353E-02 
 6.11206568508353E-02 
 6.11206568508353E-02 
 5.50288970318151E-02 
 5.50288970318151E-02 
 5.50288970318151E-02 
 5.50288970318151E-02 
 5.50288970318151E-02 
 5.50288970318151E-02 
 5.50288970318151E-02 
 5.50288970318151E-02 
 5.50288970318151E-02 
 0.050358547837233 
 0.039961944412772 
 3.89872628417288E-02 
 3.89872628417288E-02 
 3.89872628417288E-02 
 3.89872628417288E-02 
 3.89872628417288E-02 
 3.89872628417288E-02 
 3.89872628417288E-02 
 3.89872628417288E-02 
 3.89872628417288E-02 
 3.89872628417288E-02 
 3.89872628417288E-02 
 4.12209081087029E-02 
 1.03559916923342E-02 
 1.03559916923342E-02 
 1.03559916923342E-02 
 1.03559916923342E-02 
 1.03559916923342E-02 
 1.03559916923342E-02 
 1.03559916923342E-02 
 1.03559916923342E-02 
 1.03559916923342E-02 
 1.03559916923342E-02 
 4.12209081087029E-02 
 4.12209081087029E-02 
 0.029768399648945 
 1.25896369593083E-02 
 1.25896369593083E-02 
 1.25896369593083E-02 
 1.25896369593083E-02 
 1.25896369593083E-02 
 1.25896369593083E-02 
 1.25896369593083E-02 
 1.25896369593083E-02 
 1.03559916923342E-02 
 1.03559916923342E-02 
 1.03559916923342E-02 
 1.03559916923342E-02 
 1.03559916923342E-02 
 1.03559916923342E-02 
 1.03559916923342E-02 
 1.03559916923342E-02 
 1.03559916923342E-02 
 1.03559916923342E-02 
 1.03559916923342E-02 
 1.03559916923342E-02 
 1.03559916923342E-02 
 1.03559916923342E-02 
 1.03559916923342E-02 
 1.03559916923342E-02 
 1.03559916923342E-02 
 1.03559916923342E-02 
 1.03559916923342E-02 
 1.03559916923342E-02 
 1.03559916923342E-02 
 1.03559916923342E-02 
 1.03559916923342E-02 
 1.03559916923342E-02 
 1.03559916923342E-02 
 1.03559916923342E-02 
 1.03559916923342E-02 
 1.03559916923342E-02 
 1.03559916923342E-02 
 1.03559916923342E-02 
 1.03559916923342E-02 
 1.03559916923342E-02 
 1.03559916923342E-02 
 1.21429079059135E-02 
 1.25896369593083E-02 
 1.25896369593083E-02 
 1.25896369593083E-02 
 1.38892123873659E-02 
 1.42141062443803E-02 
 3.85811455204608E-02 
 4.34545533756769E-02 
 9.73869336400684E-02 
 4.34545533756769E-02 
 4.34545533756769E-02 
 4.34545533756769E-02 
 4.16676371620977E-02 
 4.12209081087029E-02 
 4.12209081087029E-02 
 4.12209081087029E-02 
 0.258696733647721 
 4.12209081087029E-02 
 4.08960142516884E-02 
 3.95964388236308E-02 
 3.95964388236308E-02 
 3.59413829322187E-02 
 3.35046790046107E-02 
 3.35046790046107E-02 
 3.35046790046107E-02 
 3.52915952181899E-02 
 3.57383242715847E-02 
 3.57383242715847E-02 
 4.38606706969449E-02 
 5.60441903349852E-02 
 0.037525240485164 
 3.28955030227087E-02 
 0.250371328561727 
 4.70283858028354E-02 
 6.21359501540053E-02 
 6.21359501540053E-02 
 6.21359501540053E-02 
 0.060349033940426 
 6.08769864580744E-02 
 6.15267741721033E-02 
 6.15267741721033E-02 
 6.15267741721033E-02 
 5.34044277467431E-02 
 4.12209081087029E-02 
 4.12209081087029E-02 
 4.12209081087029E-02 
 4.12209081087029E-02 
 4.00025561448988E-02 
 3.51291482896827E-02 
 4.32514947150429E-02 
 3.51291482896827E-02 
 4.32514947150429E-02 
 1.03559916923342E-02 
 1.03559916923342E-02 
 1.03559916923342E-02 
 1.03559916923342E-02 
 1.03559916923342E-02 
 1.03559916923342E-02 
 1.03559916923342E-02 
 1.03559916923342E-02 
 1.03559916923342E-02 
 1.03559916923342E-02 
 1.03559916923342E-02 
 1.03559916923342E-02 
 1.03559916923342E-02 
 1.03559916923342E-02 
 1.03559916923342E-02 
 1.03559916923342E-02 
 1.03559916923342E-02 
 1.03559916923342E-02 
 1.03559916923342E-02 
 1.03559916923342E-02 
 1.03559916923342E-02 
 1.03559916923342E-02 
 1.03559916923342E-02 
 1.03559916923342E-02 
 1.03559916923342E-02 
 1.03559916923342E-02 
 1.03559916923342E-02 
 1.03559916923342E-02 
 1.03559916923342E-02 
 1.03559916923342E-02 
 1.03559916923342E-02 
 1.03559916923342E-02 
 1.03559916923342E-02 
 1.03559916923342E-02 
 1.03559916923342E-02 
 1.03559916923342E-02 
 1.03559916923342E-02 
 1.03559916923342E-02 
