 9.7468157104322E-03 
 9.7468157104322E-03 
 9.7468157104322E-03 
 9.7468157104322E-03 
 9.7468157104322E-03 
 9.7468157104322E-03 
 9.7468157104322E-03 
 9.7468157104322E-03 
 9.7468157104322E-03 
 9.7468157104322E-03 
 9.7468157104322E-03 
 9.7468157104322E-03 
 9.7468157104322E-03 
 9.7468157104322E-03 
 9.7468157104322E-03 
 9.7468157104322E-03 
 9.7468157104322E-03 
 9.7468157104322E-03 
 9.7468157104322E-03 
 9.7468157104322E-03 
 9.7468157104322E-03 
 9.7468157104322E-03 
 9.7468157104322E-03 
 9.7468157104322E-03 
 9.7468157104322E-03 
 9.7468157104322E-03 
 9.7468157104322E-03 
 9.7468157104322E-03 
 9.7468157104322E-03 
 9.7468157104322E-03 
 9.7468157104322E-03 
 9.7468157104322E-03 
 9.7468157104322E-03 
 9.7468157104322E-03 
 9.7468157104322E-03 
 9.7468157104322E-03 
 9.7468157104322E-03 
 9.7468157104322E-03 
 9.7468157104322E-03 
 9.7468157104322E-03 
 9.7468157104322E-03 
 9.7468157104322E-03 
 9.7468157104322E-03 
 9.7468157104322E-03 
 9.7468157104322E-03 
 9.7468157104322E-03 
 9.7468157104322E-03 
 9.7468157104322E-03 
 9.7468157104322E-03 
 9.7468157104322E-03 
 9.7468157104322E-03 
 9.7468157104322E-03 
 9.7468157104322E-03 
 9.7468157104322E-03 
 9.7468157104322E-03 
 9.7468157104322E-03 
 2.35548046335445E-02 
 5.44197210499131E-02 
 5.44197210499131E-02 
 5.58411316743512E-02 
 9.7468157104322E-03 
 9.7468157104322E-03 
 9.7468157104322E-03 
 9.7468157104322E-03 
 9.7468157104322E-03 
 9.7468157104322E-03 
 9.7468157104322E-03 
 9.7468157104322E-03 
 9.7468157104322E-03 
 9.7468157104322E-03 
 9.7468157104322E-03 
 9.7468157104322E-03 
 9.7468157104322E-03 
 9.7468157104322E-03 
 9.7468157104322E-03 
 9.7468157104322E-03 
 9.7468157104322E-03 
 9.7468157104322E-03 
 9.7468157104322E-03 
 9.7468157104322E-03 
 9.7468157104322E-03 
 9.7468157104322E-03 
 9.7468157104322E-03 
 9.7468157104322E-03 
 9.7468157104322E-03 
 9.7468157104322E-03 
 9.7468157104322E-03 
 9.7468157104322E-03 
 9.7468157104322E-03 
 9.7468157104322E-03 
 4.22362014118729E-02 
 4.22362014118729E-02 
 4.22362014118729E-02 
 4.22362014118729E-02 
 9.7468157104322E-03 
 9.7468157104322E-03 
 9.7468157104322E-03 
 9.7468157104322E-03 
 9.7468157104322E-03 
 9.7468157104322E-03 
 9.7468157104322E-03 
 9.7468157104322E-03 
 9.7468157104322E-03 
 9.7468157104322E-03 
 9.7468157104322E-03 
 9.7468157104322E-03 
 9.7468157104322E-03 
 9.7468157104322E-03 
 9.7468157104322E-03 
 9.7468157104322E-03 
 9.7468157104322E-03 
 9.7468157104322E-03 
 9.7468157104322E-03 
 9.7468157104322E-03 
 9.7468157104322E-03 
 9.7468157104322E-03 
 9.7468157104322E-03 
 9.7468157104322E-03 
 9.7468157104322E-03 
 9.7468157104322E-03 
 9.7468157104322E-03 
 9.7468157104322E-03 
 9.7468157104322E-03 
 9.7468157104322E-03 
 9.7468157104322E-03 
 9.7468157104322E-03 
 9.7468157104322E-03 
 9.7468157104322E-03 
 9.7468157104322E-03 
 9.7468157104322E-03 
 9.7468157104322E-03 
 9.7468157104322E-03 
 9.7468157104322E-03 
 9.7468157104322E-03 
 9.7468157104322E-03 
 9.7468157104322E-03 
 9.7468157104322E-03 
 9.7468157104322E-03 
 9.7468157104322E-03 
 9.7468157104322E-03 
 9.7468157104322E-03 
 9.7468157104322E-03 
 9.7468157104322E-03 
 9.7468157104322E-03 
 9.7468157104322E-03 
 9.7468157104322E-03 
 9.7468157104322E-03 
 9.7468157104322E-03 
 9.7468157104322E-03 
 9.7468157104322E-03 
 9.7468157104322E-03 
 9.7468157104322E-03 
 9.7468157104322E-03 
 9.7468157104322E-03 
 9.7468157104322E-03 
 9.7468157104322E-03 
 9.7468157104322E-03 
 9.7468157104322E-03 
 9.7468157104322E-03 
 9.7468157104322E-03 
 9.7468157104322E-03 
 9.7468157104322E-03 
 9.7468157104322E-03 
 9.7468157104322E-03 
 9.7468157104322E-03 
 9.7468157104322E-03 
 9.7468157104322E-03 
 9.7468157104322E-03 
 9.7468157104322E-03 
 9.7468157104322E-03 
 9.7468157104322E-03 
 9.7468157104322E-03 
 9.7468157104322E-03 
 9.7468157104322E-03 
 9.7468157104322E-03 
 9.7468157104322E-03 
 9.7468157104322E-03 
 9.7468157104322E-03 
 9.7468157104322E-03 
 9.7468157104322E-03 
 9.7468157104322E-03 
 9.7468157104322E-03 
 9.7468157104322E-03 
 9.7468157104322E-03 
 9.7468157104322E-03 
 9.7468157104322E-03 
 4.22362014118729E-02 
 4.22362014118729E-02 
 4.22362014118729E-02 
 4.22362014118729E-02 
 4.22362014118729E-02 
 4.22362014118729E-02 
 4.22362014118729E-02 
 6.19328914933713E-02 
 5.01148774444722E-02 
 4.22362014118729E-02 
 4.22362014118729E-02 
 4.22362014118729E-02 
 0.050358547837233 
 0.050358547837233 
 0.050358547837233 
 0.050358547837233 
 0.085447084394789 
 9.84022269432384E-02 
 8.70309419477342E-02 
 0.079923888825544 
 8.08173469323337E-02 
 8.08173469323337E-02 
 8.08173469323337E-02 
 8.08173469323337E-02 
 8.08173469323337E-02 
 8.08173469323337E-02 
 0.088696022964933 
 0.100514037013832 
 0.100514037013832 
 9.93769085142817E-02 
 0.097671215764956 
 0.097671215764956 
 9.73463219079416E-02 
 9.60873582120108E-02 
 0.095031453176714 
 9.21480201957111E-02 
 0.097671215764956 
 0.097671215764956 
 0.097671215764956 
 0.097671215764956 
 0.085853201716057 
 7.79745256834576E-02 
 9.7468157104322E-03 
 9.7468157104322E-03 
 9.7468157104322E-03 
 9.7468157104322E-03 
 9.7468157104322E-03 
 9.7468157104322E-03 
 8.97925397323567E-02 
 0.097671215764956 
 0.097671215764956 
 0.097671215764956 
 0.085853201716057 
 7.79745256834576E-02 
 6.09988216544549E-02 
 5.01148774444722E-02 
 4.66222684815674E-02 
 4.38606706969449E-02 
 4.55663634462705E-02 
 0.057303154030916 
 4.88559137485414E-02 
 3.79719695385588E-02 
 5.25921931042071E-02 
 8.29697687350541E-02 
 0.102707070548679 
 0.10282890574506 
 0.103559916923342 
 0.103559916923342 
 0.289236756207076 
 0.332610086118499 
 0.332934979975513 
 0.346418075041611 
 0.363475002534868 
 0.349017225897726 
 0.319208214516655 
 0.346824192362879 
 0.42475810631421 
 0.495057014625702 
 0.369079421568366 
 0.385608396543974 
 0.217719495931779 
 0.160416341900863 
 0.164477515113543 
 0.158791872615791 
 0.133206481375907 
 0.118789316470892 
 0.118789316470892 
 0.12021072709533 
 0.094422277194812 
 9.15794559459359E-02 
 9.15794559459359E-02 
 8.87366346970598E-02 
 8.93458106789618E-02 
 0.098280391746858 
 0.101326271656368 
 0.118992375131526 
 0.128820414306212 
 0.107214972814754 
 0.119398492452794 
 0.119398492452794 
 0.126708604235619 
 0.131582012090835 
