 1.05590503529682E-02 
 1.05590503529682E-02 
 1.05590503529682E-02 
 1.05590503529682E-02 
 1.05590503529682E-02 
 1.05590503529682E-02 
 1.05590503529682E-02 
 1.05590503529682E-02 
 1.21835196380403E-02 
 2.80220951674926E-02 
 5.96992462263972E-02 
 6.98521792580974E-02 
 6.31918551893021E-02 
 7.33041764888755E-02 
 7.33041764888755E-02 
 7.33041764888755E-02 
 8.08173469323337E-02 
 8.24418162174057E-02 
 1.05590503529682E-02 
 1.05590503529682E-02 
 1.05590503529682E-02 
 1.05590503529682E-02 
 1.05590503529682E-02 
 1.05590503529682E-02 
 1.05590503529682E-02 
 1.05590503529682E-02 
 1.05590503529682E-02 
 1.05590503529682E-02 
 1.05590503529682E-02 
 1.05590503529682E-02 
 1.05590503529682E-02 
 1.05590503529682E-02 
 1.05590503529682E-02 
 1.05590503529682E-02 
 1.05590503529682E-02 
 1.05590503529682E-02 
 1.05590503529682E-02 
 1.05590503529682E-02 
 1.05590503529682E-02 
 1.05590503529682E-02 
 1.05590503529682E-02 
 1.05590503529682E-02 
 1.05590503529682E-02 
 1.05590503529682E-02 
 1.05590503529682E-02 
 1.05590503529682E-02 
 1.05590503529682E-02 
 1.05590503529682E-02 
 1.05590503529682E-02 
 1.05590503529682E-02 
 1.05590503529682E-02 
 1.05590503529682E-02 
 1.05590503529682E-02 
 1.05590503529682E-02 
 1.05590503529682E-02 
 1.05590503529682E-02 
 1.05590503529682E-02 
 1.05590503529682E-02 
 1.05590503529682E-02 
 1.05590503529682E-02 
 1.05590503529682E-02 
 1.05590503529682E-02 
 1.05590503529682E-02 
 1.05590503529682E-02 
 1.05590503529682E-02 
 1.05590503529682E-02 
 1.05590503529682E-02 
 1.05590503529682E-02 
 1.05590503529682E-02 
 1.05590503529682E-02 
 1.05590503529682E-02 
 1.05590503529682E-02 
 1.05590503529682E-02 
 1.05590503529682E-02 
 1.05590503529682E-02 
 1.05590503529682E-02 
 1.05590503529682E-02 
 1.05590503529682E-02 
 1.05590503529682E-02 
 1.05590503529682E-02 
 1.05590503529682E-02 
 1.05590503529682E-02 
 1.05590503529682E-02 
 1.05590503529682E-02 
 5.50288970318151E-02 
 5.82778356019592E-02 
 6.03084222082992E-02 
 6.03084222082992E-02 
 6.19328914933713E-02 
 6.11206568508353E-02 
 1.05590503529682E-02 
 1.05590503529682E-02 
 1.05590503529682E-02 
 1.05590503529682E-02 
 5.21860757829391E-02 
 4.71502209992158E-02 
 0.045891257303285 
 0.045891257303285 
 4.52820813213829E-02 
 4.28453773937749E-02 
 4.28453773937749E-02 
 4.28453773937749E-02 
 4.40637293575789E-02 
 0.290901837224274 
 1.92905727602304E-02 
 0.262676683396148 
 1.68538688326223E-02 
 1.36049302624783E-02 
 1.36049302624783E-02 
 1.36049302624783E-02 
 1.36049302624783E-02 
 1.36049302624783E-02 
 1.36049302624783E-02 
 1.36049302624783E-02 
 1.23865782986743E-02 
 1.05590503529682E-02 
 1.05590503529682E-02 
 1.05590503529682E-02 
 1.05590503529682E-02 
 1.05590503529682E-02 
 1.05590503529682E-02 
 1.66101984398615E-02 
 4.08147907874349E-02 
 4.08147907874349E-02 
 4.08147907874349E-02 
 4.08147907874349E-02 
 1.66101984398615E-02 
 1.05590503529682E-02 
 0.255569630273958 
 1.05590503529682E-02 
 1.05590503529682E-02 
 1.05590503529682E-02 
 1.05590503529682E-02 
 1.05590503529682E-02 
 1.05590503529682E-02 
 1.05590503529682E-02 
 1.05590503529682E-02 
 1.05590503529682E-02 
 1.05590503529682E-02 
 1.05590503529682E-02 
 1.05590503529682E-02 
 1.05590503529682E-02 
 1.05590503529682E-02 
 1.05590503529682E-02 
 1.05590503529682E-02 
 1.05590503529682E-02 
 1.05590503529682E-02 
 1.05590503529682E-02 
 1.05590503529682E-02 
 1.05590503529682E-02 
 1.05590503529682E-02 
 1.05590503529682E-02 
 1.05590503529682E-02 
 1.05590503529682E-02 
 1.05590503529682E-02 
 1.05590503529682E-02 
 1.05590503529682E-02 
 1.05590503529682E-02 
 1.05590503529682E-02 
 1.05590503529682E-02 
 1.05590503529682E-02 
 1.05590503529682E-02 
 1.05590503529682E-02 
 1.05590503529682E-02 
 1.05590503529682E-02 
 1.05590503529682E-02 
 1.05590503529682E-02 
 1.05590503529682E-02 
 1.05590503529682E-02 
 1.05590503529682E-02 
 1.05590503529682E-02 
 1.05590503529682E-02 
 1.05590503529682E-02 
 1.05590503529682E-02 
 1.05590503529682E-02 
 1.05590503529682E-02 
 1.05590503529682E-02 
 1.05590503529682E-02 
 1.05590503529682E-02 
 1.05590503529682E-02 
 1.05590503529682E-02 
 1.11682263348702E-02 
 1.36049302624783E-02 
 1.36049302624783E-02 
 1.98997487421324E-02 
 1.98997487421324E-02 
 1.98997487421324E-02 
 2.19303353484725E-02 
 1.05590503529682E-02 
 1.05590503529682E-02 
 1.05590503529682E-02 
 1.05590503529682E-02 
 1.05590503529682E-02 
 1.05590503529682E-02 
 1.05590503529682E-02 
 1.05590503529682E-02 
 1.05590503529682E-02 
 1.05590503529682E-02 
 4.60943159639189E-02 
 4.60943159639189E-02 
 4.60943159639189E-02 
 4.60943159639189E-02 
 4.60943159639189E-02 
 4.54851399820169E-02 
 4.30484360544089E-02 
 4.30484360544089E-02 
 0.321035742462361 
 0.539851755161564 
 0.292323247848712 
 0.291064284152782 
 0.294841175240574 
 0.294841175240574 
 1.05590503529682E-02 
 1.05590503529682E-02 
 1.05590503529682E-02 
 1.05590503529682E-02 
 1.05590503529682E-02 
 1.05590503529682E-02 
 1.05590503529682E-02 
 1.05590503529682E-02 
 1.05590503529682E-02 
 1.05590503529682E-02 
 1.05590503529682E-02 
 1.05590503529682E-02 
 1.05590503529682E-02 
 1.05590503529682E-02 
 1.05590503529682E-02 
 1.05590503529682E-02 
 1.05590503529682E-02 
 1.05590503529682E-02 
 1.05590503529682E-02 
 1.05590503529682E-02 
 1.05590503529682E-02 
 1.05590503529682E-02 
 1.05590503529682E-02 
 1.05590503529682E-02 
 1.05590503529682E-02 
 1.05590503529682E-02 
 1.05590503529682E-02 
 1.05590503529682E-02 
 1.05590503529682E-02 
 1.05590503529682E-02 
 1.05590503529682E-02 
 1.05590503529682E-02 
 1.05590503529682E-02 
 1.05590503529682E-02 
 1.05590503529682E-02 
 1.05590503529682E-02 
 1.05590503529682E-02 
 1.05590503529682E-02 
 1.05590503529682E-02 
 1.05590503529682E-02 
 1.05590503529682E-02 
 1.05590503529682E-02 
 1.05590503529682E-02 
 1.05590503529682E-02 
 1.05590503529682E-02 
 1.05590503529682E-02 
 1.05590503529682E-02 
 1.05590503529682E-02 
 1.05590503529682E-02 
 1.05590503529682E-02 
 1.05590503529682E-02 
 1.05590503529682E-02 
 1.05590503529682E-02 
 1.05590503529682E-02 
 1.05590503529682E-02 
 1.05590503529682E-02 
 1.05590503529682E-02 
 1.05590503529682E-02 
 1.05590503529682E-02 
 1.05590503529682E-02 
 1.05590503529682E-02 
 1.05590503529682E-02 
 1.05590503529682E-02 
 1.05590503529682E-02 
 1.05590503529682E-02 
 1.05590503529682E-02 
 1.05590503529682E-02 
 1.05590503529682E-02 
 1.05590503529682E-02 
 1.05590503529682E-02 
 1.05590503529682E-02 
 1.05590503529682E-02 
 1.05590503529682E-02 
 1.05590503529682E-02 
 1.05590503529682E-02 
 1.05590503529682E-02 
