 8.93458106789619E-03 
 8.93458106789619E-03 
 8.93458106789619E-03 
 8.93458106789619E-03 
 8.93458106789619E-03 
 8.93458106789619E-03 
 8.93458106789619E-03 
 8.93458106789619E-03 
 8.93458106789619E-03 
 8.93458106789619E-03 
 8.93458106789619E-03 
 8.93458106789619E-03 
 8.93458106789619E-03 
 8.93458106789619E-03 
 8.93458106789619E-03 
 8.93458106789619E-03 
 8.93458106789619E-03 
 8.93458106789619E-03 
 8.93458106789619E-03 
 2.55041677756309E-02 
 0.050358547837233 
 0.050358547837233 
 0.050358547837233 
 0.050358547837233 
 8.93458106789619E-03 
 8.93458106789619E-03 
 8.93458106789619E-03 
 8.93458106789619E-03 
 8.93458106789619E-03 
 8.93458106789619E-03 
 8.93458106789619E-03 
 8.93458106789619E-03 
 8.93458106789619E-03 
 8.93458106789619E-03 
 4.20737544833657E-02 
 0.050358547837233 
 0.050358547837233 
 0.050358547837233 
 3.37889611294983E-02 
 8.93458106789619E-03 
 8.93458106789619E-03 
 8.93458106789619E-03 
 8.93458106789619E-03 
 8.93458106789619E-03 
 8.93458106789619E-03 
 8.93458106789619E-03 
 8.93458106789619E-03 
 8.93458106789619E-03 
 8.93458106789619E-03 
 8.93458106789619E-03 
 8.93458106789619E-03 
 8.93458106789619E-03 
 8.93458106789619E-03 
 8.93458106789619E-03 
 8.93458106789619E-03 
 8.93458106789619E-03 
 8.93458106789619E-03 
 8.93458106789619E-03 
 4.20737544833657E-02 
 0.050358547837233 
 0.050358547837233 
 0.050358547837233 
 3.37889611294983E-02 
 8.93458106789619E-03 
 8.93458106789619E-03 
 8.93458106789619E-03 
 8.93458106789619E-03 
 8.93458106789619E-03 
 8.93458106789619E-03 
 8.93458106789619E-03 
 8.93458106789619E-03 
 8.93458106789619E-03 
 1.54324582081843E-02 
 1.38079889231123E-02 
 1.86813967783284E-02 
 2.11181007059364E-02 
 2.35548046335445E-02 
 2.59915085611525E-02 
 3.33016203439767E-02 
 8.52846374662818E-02 
 0.098280391746858 
 0.098280391746858 
 0.101529330317002 
 8.15483581106161E-02 
 0.157248626794973 
 0.252767420757208 
 6.37604194390773E-02 
 0.230837085408736 
 0.137186431124333 
 5.13738411404031E-02 
 5.13738411404031E-02 
 5.13738411404031E-02 
 5.96586344942704E-02 
 9.27978079097399E-02 
 0.102544623620172 
 0.10498132754778 
 0.10498132754778 
 7.18421541323107E-02 
 5.41354389250255E-02 
 4.00025561448988E-02 
 4.00025561448988E-02 
 4.00025561448988E-02 
 4.00025561448988E-02 
 3.46418075041611E-02 
 3.33016203439767E-02 
 3.33016203439767E-02 
 1.72193744217636E-02 
 0.050358547837233 
 0.050358547837233 
 0.050358547837233 
 0.050358547837233 
 1.72193744217636E-02 
 8.93458106789619E-03 
 8.93458106789619E-03 
 8.93458106789619E-03 
 8.93458106789619E-03 
 8.93458106789619E-03 
 8.93458106789619E-03 
 8.93458106789619E-03 
 8.93458106789619E-03 
 8.93458106789619E-03 
 8.93458106789619E-03 
 8.93458106789619E-03 
 8.93458106789619E-03 
 8.93458106789619E-03 
 8.93458106789619E-03 
 8.93458106789619E-03 
 8.93458106789619E-03 
 8.93458106789619E-03 
 8.93458106789619E-03 
 8.93458106789619E-03 
 8.93458106789619E-03 
 4.20737544833657E-02 
 0.050358547837233 
 0.050358547837233 
 0.050358547837233 
 3.37889611294983E-02 
 8.93458106789619E-03 
 8.93458106789619E-03 
 8.93458106789619E-03 
 8.93458106789619E-03 
 8.93458106789619E-03 
 8.93458106789619E-03 
 8.93458106789619E-03 
 8.93458106789619E-03 
 8.93458106789619E-03 
 8.93458106789619E-03 
 8.93458106789619E-03 
 8.93458106789619E-03 
 4.20737544833657E-02 
 0.050358547837233 
 0.050358547837233 
 0.050358547837233 
 3.37889611294983E-02 
 8.93458106789619E-03 
 8.93458106789619E-03 
 8.93458106789619E-03 
 8.93458106789619E-03 
 8.93458106789619E-03 
 8.93458106789619E-03 
 8.93458106789619E-03 
 8.93458106789619E-03 
 8.93458106789619E-03 
 8.93458106789619E-03 
 2.55041677756309E-02 
 0.050358547837233 
 0.050358547837233 
 0.050358547837233 
 0.050358547837233 
 8.93458106789619E-03 
 8.93458106789619E-03 
 8.93458106789619E-03 
 8.93458106789619E-03 
 8.93458106789619E-03 
 8.93458106789619E-03 
 8.93458106789619E-03 
 8.93458106789619E-03 
 8.93458106789619E-03 
 8.93458106789619E-03 
 8.93458106789619E-03 
 8.93458106789619E-03 
 8.93458106789619E-03 
 8.93458106789619E-03 
 8.93458106789619E-03 
 8.93458106789619E-03 
 8.93458106789619E-03 
 8.93458106789619E-03 
 4.20737544833657E-02 
 0.050358547837233 
 0.050358547837233 
 0.050358547837233 
 3.37889611294983E-02 
 8.93458106789619E-03 
 8.93458106789619E-03 
 8.93458106789619E-03 
 8.93458106789619E-03 
 8.93458106789619E-03 
 8.93458106789619E-03 
 8.93458106789619E-03 
 8.93458106789619E-03 
 8.93458106789619E-03 
 8.93458106789619E-03 
 8.93458106789619E-03 
 0.278434035461347 
 8.93458106789619E-03 
 8.93458106789619E-03 
 5.57192964779708E-02 
 5.70594836381552E-02 
 0.066481405491573 
 0.35011374266515 
 2.55041677756309E-02 
 8.93458106789619E-03 
 3.91903215023628E-02 
 3.91903215023628E-02 
 3.91903215023628E-02 
 3.91903215023628E-02 
 3.91903215023628E-02 
 3.91903215023628E-02 
 3.91903215023628E-02 
 0.03935276843087 
 1.56355168688183E-02 
 1.56355168688183E-02 
 1.42953297086339E-02 
 1.02747682280806E-02 
 3.91903215023628E-02 
 0.046500433285187 
 5.13738411404031E-02 
 5.13738411404031E-02 
 5.13738411404031E-02 
 5.13738411404031E-02 
 8.45130145558725E-02 
 0.107052525886247 
 0.135561961839261 
 0.095234511837348 
 7.62282212020052E-02 
 5.13738411404031E-02 
 0.048937137212795 
 3.91903215023628E-02 
 0.125002911486293 
 0.212155688630408 
 3.24893857014407E-02 
 3.24893857014407E-02 
 3.65099471819939E-02 
 3.91903215023628E-02 
 3.91903215023628E-02 
 3.91903215023628E-02 
 3.91903215023628E-02 
 3.96776622878844E-02 
 6.19328914933713E-02 
 9.14982324816823E-02 
 0.134221774679077 
 0.146405294317117 
 0.148029763602189 
 0.120413785755964 
 6.51818300635153E-02 
 7.51317044345816E-02 
 7.47255871133135E-02 
 8.92239754825814E-02 
 0.116555671203918 
 0.113306732633774 
 0.104372151565878 
 0.122241313701671 
 0.113712849955042 
 0.109570453278109 
 0.256016359327353 
 0.351047812504066 
 0.154730699403111 
 0.160619400561497 
 0.161106741347019 
 0.141125769140633 
 0.116758729864552 
 0.122728654487192 
 0.116758729864552 
 0.109245559421094 
 0.121916419844656 
 0.105631115261809 
 8.93458106789619E-03 
 8.93458106789619E-03 
 8.93458106789619E-03 
 8.93458106789619E-03 
 8.93458106789619E-03 
 8.93458106789619E-03 
 3.37889611294983E-02 
 0.050358547837233 
 0.050358547837233 
 0.050358547837233 
 4.20737544833657E-02 
 8.93458106789619E-03 
