 1.05590503529682E-02 
 1.05590503529682E-02 
 1.05590503529682E-02 
 1.05590503529682E-02 
 1.05590503529682E-02 
 1.05590503529682E-02 
 1.05590503529682E-02 
 1.05590503529682E-02 
 1.05590503529682E-02 
 1.05590503529682E-02 
 1.05590503529682E-02 
 1.05590503529682E-02 
 1.05590503529682E-02 
 1.05590503529682E-02 
 1.05590503529682E-02 
 1.05590503529682E-02 
 1.05590503529682E-02 
 1.05590503529682E-02 
 1.05590503529682E-02 
 1.05590503529682E-02 
 1.05590503529682E-02 
 1.05590503529682E-02 
 1.05590503529682E-02 
 1.05590503529682E-02 
 1.05590503529682E-02 
 1.05590503529682E-02 
 1.05590503529682E-02 
 1.05590503529682E-02 
 1.05590503529682E-02 
 1.05590503529682E-02 
 1.05590503529682E-02 
 1.05590503529682E-02 
 1.05590503529682E-02 
 1.05590503529682E-02 
 1.05590503529682E-02 
 1.05590503529682E-02 
 1.05590503529682E-02 
 1.05590503529682E-02 
 1.05590503529682E-02 
 1.05590503529682E-02 
 1.05590503529682E-02 
 1.05590503529682E-02 
 1.05590503529682E-02 
 1.05590503529682E-02 
 1.05590503529682E-02 
 1.05590503529682E-02 
 1.05590503529682E-02 
 1.05590503529682E-02 
 1.05590503529682E-02 
 1.05590503529682E-02 
 1.05590503529682E-02 
 1.05590503529682E-02 
 1.05590503529682E-02 
 1.05590503529682E-02 
 1.05590503529682E-02 
 1.05590503529682E-02 
 1.05590503529682E-02 
 1.05590503529682E-02 
 1.05590503529682E-02 
 1.05590503529682E-02 
 1.05590503529682E-02 
 1.05590503529682E-02 
 1.05590503529682E-02 
 1.05590503529682E-02 
 1.05590503529682E-02 
 1.05590503529682E-02 
 1.05590503529682E-02 
 1.05590503529682E-02 
 1.05590503529682E-02 
 1.05590503529682E-02 
 1.05590503529682E-02 
 1.05590503529682E-02 
 1.05590503529682E-02 
 1.05590503529682E-02 
 2.51792739186165E-02 
 6.33543021178093E-02 
 0.12021072709533 
 0.145186942353313 
 0.384958608829945 
 0.135440126642881 
 0.143359414407607 
 0.138282947891757 
 0.1212260203985 
 0.126911662896253 
 0.130160601466397 
 0.213333428862085 
 0.296506256257773 
 0.130160601466397 
 0.122850489683573 
 0.111885322009336 
 9.97018023712961E-02 
 8.18326402355037E-02 
 0.108230266117924 
 0.108230266117924 
 0.105062551012034 
 0.100310978353198 
 0.100310978353198 
 0.102422788423792 
 0.10295074094144 
 0.10295074094144 
 0.10295074094144 
 0.10295074094144 
 0.10295074094144 
 0.10295074094144 
 0.10295074094144 
 0.10295074094144 
 1.05590503529682E-02 
 1.05590503529682E-02 
 1.05590503529682E-02 
 1.05590503529682E-02 
 1.05590503529682E-02 
 1.05590503529682E-02 
 1.05590503529682E-02 
 1.05590503529682E-02 
 1.05590503529682E-02 
 1.05590503529682E-02 
 1.05590503529682E-02 
 1.05590503529682E-02 
 1.05590503529682E-02 
 1.05590503529682E-02 
 1.05590503529682E-02 
 1.05590503529682E-02 
 1.05590503529682E-02 
 1.05590503529682E-02 
 1.05590503529682E-02 
 1.05590503529682E-02 
 1.05590503529682E-02 
 1.05590503529682E-02 
 1.05590503529682E-02 
 1.05590503529682E-02 
 1.05590503529682E-02 
 1.05590503529682E-02 
 4.20331427512389E-02 
 4.20331427512389E-02 
 4.20331427512389E-02 
 3.99213326806452E-02 
 3.93933801629968E-02 
 3.93933801629968E-02 
 3.93933801629968E-02 
 4.06117321268008E-02 
 4.24392600725069E-02 
 4.24392600725069E-02 
 4.24392600725069E-02 
 4.24392600725069E-02 
 4.24392600725069E-02 
 4.24392600725069E-02 
 5.20642405865587E-02 
 0.050358547837233 
 0.050358547837233 
 0.050358547837233 
 0.050358547837233 
 0.050358547837233 
 0.050358547837233 
 0.050358547837233 
 5.00336539802186E-02 
 0.049952430515965 
 1.05590503529682E-02 
 1.05590503529682E-02 
 1.05590503529682E-02 
 1.05590503529682E-02 
 1.05590503529682E-02 
 1.05590503529682E-02 
 1.05590503529682E-02 
 1.05590503529682E-02 
 1.05590503529682E-02 
 1.05590503529682E-02 
 1.05590503529682E-02 
 1.05590503529682E-02 
 1.05590503529682E-02 
 1.05590503529682E-02 
 1.05590503529682E-02 
 1.05590503529682E-02 
 1.05590503529682E-02 
 1.05590503529682E-02 
 1.05590503529682E-02 
 1.05590503529682E-02 
 1.05590503529682E-02 
 1.05590503529682E-02 
 1.05590503529682E-02 
 1.05590503529682E-02 
 1.05590503529682E-02 
 1.05590503529682E-02 
 1.05590503529682E-02 
 1.05590503529682E-02 
 1.05590503529682E-02 
 1.05590503529682E-02 
 1.05590503529682E-02 
 1.05590503529682E-02 
 1.05590503529682E-02 
 1.05590503529682E-02 
 1.05590503529682E-02 
 1.05590503529682E-02 
 1.05590503529682E-02 
 1.05590503529682E-02 
 1.05590503529682E-02 
 1.05590503529682E-02 
 1.05590503529682E-02 
 1.05590503529682E-02 
 1.05590503529682E-02 
 1.05590503529682E-02 
 0.299470912703029 
 0.049952430515965 
 0.049952430515965 
 0.049952430515965 
 0.049952430515965 
 5.42166623892791E-02 
 0.050764665158501 
 4.50790226607489E-02 
 4.50790226607489E-02 
 4.50790226607489E-02 
 4.29672125901553E-02 
 4.24392600725069E-02 
 4.40231176254521E-02 
 0.050155489176599 
 4.50790226607489E-02 
 4.50790226607489E-02 
 4.50790226607489E-02 
 4.50790226607489E-02 
 4.50790226607489E-02 
 4.50790226607489E-02 
 4.50790226607489E-02 
 4.32514947150429E-02 
 1.31988129412103E-02 
 1.31988129412103E-02 
 0.011614955388265 
 1.05590503529682E-02 
 1.05590503529682E-02 
 1.05590503529682E-02 
 1.05590503529682E-02 
 1.05590503529682E-02 
 1.21429079059134E-02 
 1.31988129412103E-02 
 1.31988129412103E-02 
 1.50263408869163E-02 
 4.16270254299709E-02 
 4.16270254299709E-02 
 9.23104671242183E-02 
 2.29050169195157E-02 
 3.43169136471467E-02 
 0.049546313194697 
 0.049546313194697 
 0.049546313194697 
 4.79624556417518E-02 
 0.046906550606455 
 0.046906550606455 
 2.15242180272044E-02 
 2.15242180272044E-02 
 3.79719695385588E-02 
 6.39228663675845E-02 
 5.17393467295443E-02 
 3.06618577557346E-02 
 3.06618577557346E-02 
 1.61634693864667E-02 
 1.10870028706166E-02 
 1.64477515113543E-02 
 6.60346764381782E-02 
 0.202977437169751 
 0.291023672420655 
 8.81274587151578E-02 
 5.40136037286451E-02 
 7.93553245757688E-02 
 8.42287324309849E-02 
 8.65029894300858E-02 
 8.08173469323337E-02 
 9.38131012129099E-02 
 0.116433836007538 
 0.136658478606685 
 0.137267654588587 
 0.151887878154235 
 0.139704358516195 
 0.119114210327907 
 9.11733386246679E-02 
 9.11733386246679E-02 
 0.175970635305428 
 1.05590503529682E-02 
 1.05590503529682E-02 
 1.05590503529682E-02 
 1.05590503529682E-02 
 1.05590503529682E-02 
 1.05590503529682E-02 
 1.05590503529682E-02 
 1.05590503529682E-02 
 1.05590503529682E-02 
 1.05590503529682E-02 
 1.05590503529682E-02 
 1.05590503529682E-02 
 1.05590503529682E-02 
 1.05590503529682E-02 
