 1.07621090136022E-02 
 1.07621090136022E-02 
 1.78285504036656E-02 
 4.60943159639189E-02 
 4.60943159639189E-02 
 4.60943159639189E-02 
 4.60943159639189E-02 
 1.78285504036656E-02 
 1.07621090136022E-02 
 1.07621090136022E-02 
 1.07621090136022E-02 
 1.07621090136022E-02 
 1.07621090136022E-02 
 1.07621090136022E-02 
 3.18802097195387E-02 
 3.71597348960228E-02 
 3.71597348960228E-02 
 3.71597348960228E-02 
 1.60416341900863E-02 
 1.07621090136022E-02 
 1.07621090136022E-02 
 1.78285504036656E-02 
 4.60943159639189E-02 
 4.60943159639189E-02 
 4.60943159639189E-02 
 4.60943159639189E-02 
 2.31080755801497E-02 
 3.71597348960228E-02 
 3.71597348960228E-02 
 3.71597348960228E-02 
 3.18802097195387E-02 
 1.07621090136022E-02 
 1.07621090136022E-02 
 1.07621090136022E-02 
 1.07621090136022E-02 
 1.07621090136022E-02 
 1.07621090136022E-02 
 3.19614331837923E-02 
 4.60943159639189E-02 
 4.60943159639189E-02 
 4.60943159639189E-02 
 3.90278745738556E-02 
 1.07621090136022E-02 
 1.07621090136022E-02 
 3.71597348960228E-02 
 3.71597348960228E-02 
 3.71597348960228E-02 
 3.71597348960228E-02 
 1.07621090136022E-02 
 1.07621090136022E-02 
 1.07621090136022E-02 
 1.07621090136022E-02 
 1.07621090136022E-02 
 1.07621090136022E-02 
 1.07621090136022E-02 
 3.90278745738556E-02 
 4.60943159639189E-02 
 4.60943159639189E-02 
 4.60943159639189E-02 
 5.30795338897287E-02 
 3.71597348960228E-02 
 3.71597348960228E-02 
 3.71597348960228E-02 
 1.60416341900863E-02 
 1.07621090136022E-02 
 1.07621090136022E-02 
 1.07621090136022E-02 
 1.07621090136022E-02 
 1.07621090136022E-02 
 1.07621090136022E-02 
 3.90278745738556E-02 
 4.60943159639189E-02 
 4.60943159639189E-02 
 5.66533663168872E-02 
 5.83590590662128E-02 
 3.71597348960228E-02 
 3.71597348960228E-02 
 2.66006845430545E-02 
 1.07621090136022E-02 
 1.07621090136022E-02 
 1.07621090136022E-02 
 1.07621090136022E-02 
 1.07621090136022E-02 
 1.07621090136022E-02 
 1.07621090136022E-02 
 1.07621090136022E-02 
 1.07621090136022E-02 
 1.60416341900863E-02 
 6.54255004562762E-02 
 7.24919418463395E-02 
 7.24919418463395E-02 
 6.72124166698554E-02 
 3.19614331837923E-02 
 1.07621090136022E-02 
 1.07621090136022E-02 
 1.07621090136022E-02 
 1.07621090136022E-02 
 1.07621090136022E-02 
 1.07621090136022E-02 
 1.07621090136022E-02 
 1.07621090136022E-02 
 1.07621090136022E-02 
 3.18802097195387E-02 
 3.71597348960228E-02 
 0.30377575630847 
 0.32497508047866 
 0.317989862552851 
 0.312710337376367 
 0.312710337376367 
 0.305643895986303 
 0.27737813042605 
 0.27737813042605 
 0.27737813042605 
 0.27737813042605 
 0.27737813042605 
 0.27737813042605 
 1.07621090136022E-02 
 1.07621090136022E-02 
 2.13211593665704E-02 
 5.58411316743512E-02 
 0.095234511837348 
 0.095234511837348 
 8.46754614843798E-02 
 6.88368859549274E-02 
 4.37388355005645E-02 
 5.90900702444952E-02 
 5.90900702444952E-02 
 5.90900702444952E-02 
 5.90900702444952E-02 
 5.90900702444952E-02 
 5.90900702444952E-02 
 6.19328914933713E-02 
 6.19328914933713E-02 
 6.19328914933713E-02 
 9.71838749794344E-02 
 0.123662724326109 
 0.123662724326109 
 0.123662724326109 
 0.102544623620172 
 6.19328914933713E-02 
 7.20452127929447E-02 
 7.87867603259936E-02 
 7.87867603259936E-02 
 7.69998441124144E-02 
 8.12234642536017E-02 
 8.12234642536017E-02 
 8.12234642536017E-02 
 8.12234642536017E-02 
 0.162771822364218 
 0.244320180474834 
 0.107621090136022 
 0.107621090136022 
 0.106524573368599 
 0.137430101517094 
 0.258696733647721 
 0.258696733647721 
 0.258696733647721 
 0.223364526697405 
 0.220196811591514 
 0.181168937017659 
 3.35046790046107E-02 
 3.35046790046107E-02 
 5.70594836381552E-02 
 6.29481847965413E-02 
 6.29481847965413E-02 
 8.93458106789619E-02 
 8.93458106789619E-02 
 0.101529330317002 
 0.130851000912552 
 0.114525084597578 
 0.098280391746858 
 0.098280391746858 
 9.12139503567947E-02 
 6.29481847965413E-02 
 1.07621090136022E-02 
 1.07621090136022E-02 
 6.29481847965413E-02 
 6.29481847965413E-02 
 6.18922797612445E-02 
 7.28980591676075E-02 
 8.87366346970598E-02 
 8.25636514137861E-02 
 6.13237155114693E-02 
 4.68253271422014E-02 
 0.194083467833981 
 0.144740213299918 
 7.19639893286911E-02 
 7.31011178282415E-02 
 7.31011178282415E-02 
 0.518896101384134 
 0.551019981496434 
 0.764312798626392 
 0.406929555910544 
 0.330782558172793 
 0.306618577557346 
 0.306618577557346 
 0.296059527204378 
 0.280220951674926 
 0.2785152589256 
 0.27737813042605 
 0.296709314918407 
 0.339838974437069 
 0.30771509432477 
 7.39539642029043E-02 
 6.88368859549274E-02 
 6.88368859549274E-02 
 3.35046790046107E-02 
 3.35046790046107E-02 
 3.63475002534868E-02 
 3.63475002534868E-02 
 5.21860757829391E-02 
 6.27451261359073E-02 
 0.329361147548355 
 0.329361147548355 
 0.313522572018902 
 0.338295728616251 
 0.525028472935281 
 0.805127589413827 
 0.808295304519717 
 0.789207790420121 
 0.772232086391118 
 1.01687716072297 
 0.305400225593542 
 0.350682306914925 
 8.93458106789619E-02 
 8.98331514644835E-02 
 9.17825146065699E-02 
 7.06644139006335E-02 
 6.53848887241494E-02 
 6.53848887241494E-02 
 6.53848887241494E-02 
 6.53848887241494E-02 
 6.53848887241494E-02 
 6.01053635476652E-02 
 6.11612685829621E-02 
 6.53848887241494E-02 
 6.53848887241494E-02 
 6.53848887241494E-02 
 9.17825146065699E-02 
 0.101529330317002 
 9.76306040328292E-02 
 0.117611576239215 
 0.104372151565878 
 0.348042544326683 
 0.123865782986743 
 0.109732900206616 
 9.37318777486563E-02 
 9.60061347477572E-02 
 8.85335760364258E-02 
 7.28168357033539E-02 
 6.98521792580974E-02 
 7.13142016146623E-02 
 7.18015424001839E-02 
 7.81775843440916E-02 
 7.69592323802876E-02 
 9.79148861577168E-02 
 0.103762975583976 
 0.523607062310843 
 0.535059570770601 
 0.542247847357045 
 0.548502054104572 
 0.233842353586119 
 0.145999176995849 
 0.145999176995849 
 0.144049813853763 
 0.112697556651872 
 0.116555671203918 
 0.122647431022939 
 0.122647431022939 
 0.122647431022939 
 0.103316246530581 
 0.098483450407492 
 9.85646738717456E-02 
 0.108514548242812 
 0.108514548242812 
 0.101326271656368 
 5.03179361051062E-02 
 5.17799584616711E-02 
 5.17799584616711E-02 
 6.61565116345586E-02 
 4.12209081087029E-02 
 7.50910927024547E-02 
 0.161228576543399 
 4.60943159639189E-02 
 4.60943159639189E-02 
 2.48949917937289E-02 
 1.07621090136022E-02 
 1.07621090136022E-02 
