 7.71622910409216E-03 
 7.71622910409216E-03 
 7.71622910409216E-03 
 7.71622910409216E-03 
 7.71622910409216E-03 
 7.71622910409216E-03 
 7.71622910409216E-03 
 7.71622910409216E-03 
 7.71622910409216E-03 
 7.71622910409216E-03 
 7.71622910409216E-03 
 7.71622910409216E-03 
 7.71622910409216E-03 
 7.71622910409216E-03 
 3.26924443620747E-02 
 0.049343254534063 
 0.049343254534063 
 0.049343254534063 
 4.10178494480688E-02 
 7.71622910409216E-03 
 7.71622910409216E-03 
 7.71622910409216E-03 
 7.71622910409216E-03 
 7.71622910409216E-03 
 7.71622910409216E-03 
 7.71622910409216E-03 
 7.71622910409216E-03 
 1.60416341900863E-02 
 0.049343254534063 
 0.049343254534063 
 0.049343254534063 
 0.049343254534063 
 1.60416341900863E-02 
 7.71622910409216E-03 
 7.71622910409216E-03 
 7.71622910409216E-03 
 7.71622910409216E-03 
 7.71622910409216E-03 
 7.71622910409216E-03 
 7.71622910409216E-03 
 7.71622910409216E-03 
 7.71622910409216E-03 
 7.71622910409216E-03 
 7.71622910409216E-03 
 7.71622910409216E-03 
 7.71622910409216E-03 
 7.71622910409216E-03 
 1.60416341900863E-02 
 0.049343254534063 
 0.049343254534063 
 0.049343254534063 
 0.049343254534063 
 1.60416341900863E-02 
 7.71622910409216E-03 
 7.71622910409216E-03 
 7.71622910409216E-03 
 7.71622910409216E-03 
 7.71622910409216E-03 
 7.71622910409216E-03 
 7.71622910409216E-03 
 7.71622910409216E-03 
 7.71622910409216E-03 
 7.71622910409216E-03 
 7.71622910409216E-03 
 7.71622910409216E-03 
 7.71622910409216E-03 
 7.71622910409216E-03 
 7.71622910409216E-03 
 7.71622910409216E-03 
 4.10178494480688E-02 
 0.049343254534063 
 0.049343254534063 
 0.049343254534063 
 3.26924443620747E-02 
 7.71622910409216E-03 
 7.71622910409216E-03 
 7.71622910409216E-03 
 7.71622910409216E-03 
 7.71622910409216E-03 
 7.71622910409216E-03 
 7.71622910409216E-03 
 7.71622910409216E-03 
 2.43670392760805E-02 
 0.049343254534063 
 0.049343254534063 
 0.049343254534063 
 0.049343254534063 
 2.39609219548125E-02 
 3.61444415928527E-02 
 4.58912573032849E-02 
 0.048327961230893 
 0.048327961230893 
 4.10178494480688E-02 
 3.12710337376367E-02 
 2.39609219548125E-02 
 1.66508101719883E-02 
 2.84282124887606E-02 
 5.34044277467431E-02 
 5.34044277467431E-02 
 5.34044277467431E-02 
 0.138282947891757 
 0.452252248964054 
 0.39961944412772 
 0.397182740200112 
 3.04587990951006E-02 
 3.41138549865127E-02 
 3.41138549865127E-02 
 3.41138549865127E-02 
 3.41138549865127E-02 
 0.317055792713934 
 8.12234642536017E-02 
 7.06644139006335E-02 
 5.48258383711811E-02 
 5.48258383711811E-02 
 2.15242180272044E-02 
 1.80722207964264E-02 
 7.71622910409216E-03 
 7.71622910409216E-03 
 7.71622910409216E-03 
 7.71622910409216E-03 
 7.71622910409216E-03 
 7.71622910409216E-03 
 7.71622910409216E-03 
 7.71622910409216E-03 
 7.71622910409216E-03 
 7.71622910409216E-03 
 7.71622910409216E-03 
 7.71622910409216E-03 
 1.31988129412103E-02 
 1.31988129412103E-02 
 0.046500433285187 
 5.48258383711811E-02 
 5.48258383711811E-02 
 0.167888900612195 
 0.603490339404261 
 0.576321090611431 
 0.57303154030916 
 0.57303154030916 
 0.57303154030916 
 0.57303154030916 
 0.57303154030916 
 0.57303154030916 
 0.57303154030916 
 0.57303154030916 
 0.57303154030916 
 0.459968478068146 
 7.71622910409216E-03 
 3.26924443620747E-02 
 0.049343254534063 
 0.049343254534063 
 0.049343254534063 
 4.10178494480688E-02 
 7.71622910409216E-03 
 7.71622910409216E-03 
 7.71622910409216E-03 
 7.71622910409216E-03 
 7.71622910409216E-03 
 7.71622910409216E-03 
 7.71622910409216E-03 
 7.71622910409216E-03 
 7.71622910409216E-03 
 7.71622910409216E-03 
 7.71622910409216E-03 
 7.71622910409216E-03 
 4.10178494480688E-02 
 0.049343254534063 
 0.049343254534063 
 0.049343254534063 
 3.26924443620747E-02 
 7.71622910409216E-03 
 7.71622910409216E-03 
 7.71622910409216E-03 
 7.71622910409216E-03 
 7.71622910409216E-03 
 7.71622910409216E-03 
 7.71622910409216E-03 
 7.71622910409216E-03 
 8.52846374662817E-03 
 2.63976258824205E-02 
 5.13738411404031E-02 
 5.13738411404031E-02 
 5.13738411404031E-02 
 5.13738411404031E-02 
 9.7468157104322E-03 
 9.7468157104322E-03 
 9.7468157104322E-03 
 2.55853912398845E-02 
 3.61444415928527E-02 
 3.61444415928527E-02 
 8.87772464291866E-02 
 0.164680573774177 
 3.61444415928527E-02 
 5.94961875657632E-02 
 7.57408804164836E-02 
 7.57408804164836E-02 
 5.46227797105471E-02 
 4.10178494480688E-02 
 7.71622910409216E-03 
 7.71622910409216E-03 
 7.71622910409216E-03 
 7.71622910409216E-03 
 3.40326315222591E-02 
 0.345849510791836 
 0.621968677521955 
 0.602434434368964 
 0.603896456725529 
 0.603896456725529 
 0.603896456725529 
 0.603896456725529 
 0.601662811458554 
 0.623511923342773 
 1.0002669622831 
 1.0002669622831 
 1.0002669622831 
 0.440312399718775 
 1.76661034751584E-02 
 1.76661034751584E-02 
 1.76661034751584E-02 
 1.60416341900863E-02 
 1.56355168688183E-02 
 1.56355168688183E-02 
 1.56355168688183E-02 
 1.56355168688183E-02 
 1.98997487421324E-02 
 2.36766398299249E-02 
 1.36049302624783E-02 
 8.73152240726218E-02 
 0.404492851982936 
 0.429469067240919 
 0.435438991863559 
 5.92931289051292E-02 
 5.92931289051292E-02 
 1.76661034751584E-02 
 7.02989083114923E-02 
 1.76661034751584E-02 
 0.223486361893785 
 0.133775045625682 
 4.40637293575789E-02 
 4.32514947150429E-02 
 4.20331427512389E-02 
 0.132962810983146 
 0.202368261187849 
 8.56907547875498E-02 
 8.56907547875498E-02 
 8.24012044852789E-02 
 7.92334893793884E-02 
 5.27952517648411E-02 
 0.327208725745634 
 6.05114808689332E-02 
 6.27451261359073E-02 
 7.33041764888755E-02 
 8.29291570029273E-02 
 7.91928776472616E-02 
 0.739417806832663 
 0.450790226607489 
 0.450384109286221 
 0.150263408869163 
 8.48785201450138E-02 
 0.097062039783054 
 0.110870028706166 
 0.11208838066997 
 0.129957542805763 
 0.129957542805763 
 0.105590503529682 
 0.098686509068126 
 0.100310978353198 
 0.097062039783054 
 0.086665436358593 
 8.48785201450138E-02 
 8.07361234680801E-02 
 0.101529330317002 
 0.109651676742362 
 0.114525084597578 
 0.117774023167722 
 0.113469179562282 
 0.105184386208414 
 7.71622910409216E-03 
 1.60416341900863E-02 
 0.049343254534063 
 0.049343254534063 
 0.049343254534063 
 0.049343254534063 
 1.60416341900863E-02 
 7.71622910409216E-03 
 7.71622910409216E-03 
 7.71622910409216E-03 
 7.71622910409216E-03 
 7.71622910409216E-03 
