 9.5437570497982E-03 
 9.5437570497982E-03 
 9.5437570497982E-03 
 9.5437570497982E-03 
 9.5437570497982E-03 
 9.5437570497982E-03 
 9.5437570497982E-03 
 9.5437570497982E-03 
 9.5437570497982E-03 
 9.5437570497982E-03 
 9.5437570497982E-03 
 9.5437570497982E-03 
 9.5437570497982E-03 
 1.40516593158731E-02 
 3.20832683801727E-02 
 3.20832683801727E-02 
 3.20832683801727E-02 
 0.018559561581948 
 9.5437570497982E-03 
 3.97994974842648E-02 
 3.97994974842648E-02 
 3.97994974842648E-02 
 3.97994974842648E-02 
 9.5437570497982E-03 
 9.5437570497982E-03 
 9.5437570497982E-03 
 9.5437570497982E-03 
 9.5437570497982E-03 
 9.5437570497982E-03 
 9.5437570497982E-03 
 9.5437570497982E-03 
 3.37483493973715E-02 
 3.97994974842648E-02 
 3.97994974842648E-02 
 3.97994974842648E-02 
 1.55949051366915E-02 
 9.5437570497982E-03 
 9.5437570497982E-03 
 9.5437570497982E-03 
 9.5437570497982E-03 
 9.5437570497982E-03 
 9.5437570497982E-03 
 1.40516593158731E-02 
 3.20832683801727E-02 
 3.20832683801727E-02 
 3.20832683801727E-02 
 4.88153020164146E-02 
 3.97994974842648E-02 
 3.97994974842648E-02 
 3.97994974842648E-02 
 9.5437570497982E-03 
 9.5437570497982E-03 
 9.5437570497982E-03 
 9.5437570497982E-03 
 9.5437570497982E-03 
 9.5437570497982E-03 
 9.5437570497982E-03 
 9.5437570497982E-03 
 9.5437570497982E-03 
 2.75753661140978E-02 
 6.23390088146393E-02 
 6.23390088146393E-02 
 5.78311065485644E-02 
 3.97994974842648E-02 
 9.5437570497982E-03 
 9.5437570497982E-03 
 9.5437570497982E-03 
 9.5437570497982E-03 
 9.5437570497982E-03 
 9.5437570497982E-03 
 9.5437570497982E-03 
 9.5437570497982E-03 
 2.76972013104782E-02 
 3.97994974842648E-02 
 3.97994974842648E-02 
 3.97994974842648E-02 
 2.16460532235849E-02 
 9.5437570497982E-03 
 9.5437570497982E-03 
 9.5437570497982E-03 
 9.5437570497982E-03 
 9.5437570497982E-03 
 9.5437570497982E-03 
 9.5437570497982E-03 
 9.5437570497982E-03 
 9.5437570497982E-03 
 9.5437570497982E-03 
 2.76972013104782E-02 
 3.97994974842648E-02 
 3.97994974842648E-02 
 3.97994974842648E-02 
 2.16460532235849E-02 
 9.5437570497982E-03 
 9.5437570497982E-03 
 9.5437570497982E-03 
 9.5437570497982E-03 
 9.5437570497982E-03 
 9.5437570497982E-03 
 9.5437570497982E-03 
 9.5437570497982E-03 
 9.5437570497982E-03 
 9.5437570497982E-03 
 9.5437570497982E-03 
 3.37483493973715E-02 
 6.23390088146393E-02 
 6.23390088146393E-02 
 6.23390088146393E-02 
 2.91186119349162E-02 
 9.5437570497982E-03 
 9.5437570497982E-03 
 9.5437570497982E-03 
 9.5437570497982E-03 
 9.5437570497982E-03 
 9.5437570497982E-03 
 9.5437570497982E-03 
 9.5437570497982E-03 
 1.55949051366915E-02 
 5.78311065485644E-02 
 6.23390088146393E-02 
 6.23390088146393E-02 
 0.140191699301717 
 0.186367238729889 
 0.312344831787225 
 8.46754614843798E-02 
 9.5437570497982E-03 
 9.5437570497982E-03 
 0.011005779406363 
 1.19804609774062E-02 
 9.5437570497982E-03 
 9.5437570497982E-03 
 3.97994974842648E-02 
 3.97994974842648E-02 
 3.97994974842648E-02 
 3.97994974842648E-02 
 2.75753661140978E-02 
 3.20832683801727E-02 
 3.20832683801727E-02 
 2.75753661140978E-02 
 9.5437570497982E-03 
 9.5437570497982E-03 
 9.5437570497982E-03 
 9.5437570497982E-03 
 9.5437570497982E-03 
 9.5437570497982E-03 
 2.16460532235849E-02 
 4.43073997503397E-02 
 6.23390088146393E-02 
 6.23390088146393E-02 
 5.02367126408526E-02 
 0.018559561581948 
 9.5437570497982E-03 
 9.5437570497982E-03 
 9.5437570497982E-03 
 9.5437570497982E-03 
 9.5437570497982E-03 
 9.5437570497982E-03 
 9.5437570497982E-03 
 9.5437570497982E-03 
 9.5437570497982E-03 
 9.5437570497982E-03 
 3.97994974842648E-02 
 3.97994974842648E-02 
 3.97994974842648E-02 
 3.97994974842648E-02 
 2.75753661140978E-02 
 3.20832683801727E-02 
 3.20832683801727E-02 
 2.75753661140978E-02 
 9.5437570497982E-03 
 9.5437570497982E-03 
 9.5437570497982E-03 
 9.5437570497982E-03 
 9.5437570497982E-03 
 9.5437570497982E-03 
 1.19804609774062E-02 
 3.45199723077807E-02 
 3.45199723077807E-02 
 3.45199723077807E-02 
 2.55041677756309E-02 
 0.027331695721337 
 3.75658522172908E-02 
 6.66438524200802E-02 
 7.39133524707775E-02 
 7.63500563983856E-02 
 0.084634849752253 
 5.94555758336364E-02 
 5.34044277467431E-02 
 5.34044277467431E-02 
 6.69281345449678E-02 
 7.59439390771176E-02 
 7.59439390771176E-02 
 0.077893302219204 
 5.58411316743512E-02 
 6.81464865087718E-02 
 7.63500563983856E-02 
 6.53848887241494E-02 
 5.80747769413252E-02 
 8.83305173757918E-02 
 7.39133524707775E-02 
 7.48880340418207E-02 
 7.63500563983856E-02 
 5.06022182299938E-02 
 6.86338272942934E-02 
 0.066684464152207 
 6.61971233666854E-02 
 5.26734165684607E-02 
 2.83063772923802E-02 
 1.80722207964264E-02 
 1.80722207964264E-02 
 1.80722207964264E-02 
 1.80722207964264E-02 
 1.80722207964264E-02 
 1.56355168688183E-02 
 1.19804609774062E-02 
 1.16555671203918E-02 
 1.36049302624783E-02 
 8.87366346970598E-02 
 5.11707824797691E-02 
 1.36049302624783E-02 
 1.36049302624783E-02 
 1.36049302624783E-02 
 1.75036565466512E-02 
 3.46824192362879E-02 
 5.77498830843108E-02 
 7.12735898825355E-02 
 7.12735898825355E-02 
 0.294313222722926 
 0.440474846647282 
 0.435966944381207 
 0.435966944381207 
 0.435966944381207 
 0.359210770661553 
 4.18300840906049E-02 
 6.43289836888525E-02 
 0.317055792713934 
 0.495300685018463 
 0.495300685018463 
 0.496275366589506 
 0.348692332040712 
 8.89396933576938E-02 
 8.94270341432155E-02 
 0.109408006349601 
 0.113915908615676 
 9.34069838916419E-02 
 0.088899081625567 
 7.08674725612675E-02 
 7.08674725612675E-02 
 7.57408804164836E-02 
 8.29697687350541E-02 
 0.101123212995734 
 0.118992375131526 
 0.135399514910754 
 0.123865782986743 
 0.142628403229325 
 0.134099939482696 
 0.386623689847144 
 0.163421610078247 
 0.160578788829371 
 0.177270210733486 
 0.261702001825105 
 0.195139372869278 
 0.115053037115227 
 0.116352612543284 
 0.124474958968645 
 0.125287193611181 
 0.11716484718582 
 0.125612087468195 
 0.146202235656483 
 0.15119747870808 
 0.161025517882765 
 0.143724919996748 
 0.29475995177632 
 0.549273677014981 
 0.547324313872895 
 0.546836973087373 
 0.377161156261599 
 0.128251850056437 
 0.131175894769567 
 0.153715406099941 
 0.155745992706281 
 0.242858158118269 
 0.213374040594212 
 0.17848856269729 
 0.17645797609095 
 0.146202235656483 
 0.150263408869163 
 0.166508101719883 
 0.166508101719883 
