 6.49787714028813E-03 
 6.49787714028813E-03 
 6.49787714028813E-03 
 6.49787714028813E-03 
 6.49787714028813E-03 
 6.49787714028813E-03 
 6.49787714028813E-03 
 6.49787714028813E-03 
 2.19303353484725E-02 
 4.50790226607489E-02 
 4.50790226607489E-02 
 4.50790226607489E-02 
 4.50790226607489E-02 
 6.49787714028813E-03 
 6.49787714028813E-03 
 6.49787714028813E-03 
 0.020996265509556 
 3.06618577557346E-02 
 3.06618577557346E-02 
 3.06618577557346E-02 
 6.49787714028813E-03 
 6.49787714028813E-03 
 6.49787714028813E-03 
 6.49787714028813E-03 
 6.49787714028813E-03 
 6.49787714028813E-03 
 6.49787714028813E-03 
 6.49787714028813E-03 
 6.49787714028813E-03 
 2.96465644525646E-02 
 4.50790226607489E-02 
 4.50790226607489E-02 
 4.50790226607489E-02 
 3.73627935566568E-02 
 6.49787714028813E-03 
 6.49787714028813E-03 
 6.49787714028813E-03 
 6.49787714028813E-03 
 6.49787714028813E-03 
 6.49787714028813E-03 
 0.020996265509556 
 3.06618577557346E-02 
 3.06618577557346E-02 
 3.06618577557346E-02 
 6.49787714028813E-03 
 4.50790226607489E-02 
 4.50790226607489E-02 
 4.50790226607489E-02 
 4.50790226607489E-02 
 2.19303353484725E-02 
 6.49787714028813E-03 
 6.49787714028813E-03 
 6.49787714028813E-03 
 3.06618577557346E-02 
 3.06618577557346E-02 
 3.06618577557346E-02 
 0.020996265509556 
 6.49787714028813E-03 
 6.49787714028813E-03 
 6.49787714028813E-03 
 6.49787714028813E-03 
 6.49787714028813E-03 
 6.49787714028813E-03 
 6.49787714028813E-03 
 6.49787714028813E-03 
 4.12615198408297E-02 
 6.92430032761954E-02 
 6.92430032761954E-02 
 6.44102071531061E-02 
 4.50790226607489E-02 
 6.49787714028813E-03 
 6.49787714028813E-03 
 9.5437570497982E-03 
 2.17272766878385E-02 
 6.49787714028813E-03 
 6.49787714028813E-03 
 6.49787714028813E-03 
 6.49787714028813E-03 
 6.49787714028813E-03 
 6.49787714028813E-03 
 6.49787714028813E-03 
 6.49787714028813E-03 
 6.49787714028813E-03 
 6.49787714028813E-03 
 1.13306732633774E-02 
 3.06618577557346E-02 
 0.301014158523848 
 6.51818300635153E-02 
 5.98210814227776E-02 
 3.93933801629968E-02 
 5.76686596200572E-02 
 5.32013690861091E-02 
 4.50790226607489E-02 
 4.50790226607489E-02 
 2.96465644525646E-02 
 6.49787714028813E-03 
 1.86813967783284E-02 
 2.68037432036886E-02 
 5.25921931042071E-02 
 5.50288970318151E-02 
 5.50288970318151E-02 
 4.53633047856365E-02 
 3.08649164163686E-02 
 0.075862715612864 
 6.49787714028813E-03 
 6.49787714028813E-03 
 6.49787714028813E-03 
 1.42141062443803E-02 
 4.50790226607489E-02 
 4.50790226607489E-02 
 4.50790226607489E-02 
 4.50790226607489E-02 
 2.52604973828701E-02 
 3.41138549865127E-02 
 3.41138549865127E-02 
 3.41138549865127E-02 
 3.41138549865127E-02 
 4.02056148055328E-02 
 0.049343254534063 
 0.049343254534063 
 0.049343254534063 
 0.049343254534063 
 0.049343254534063 
 0.049343254534063 
 6.38416429033309E-02 
 7.35072351495095E-02 
 7.86649251296132E-02 
 0.1009201543351 
 0.095640629158616 
 0.349423343218994 
 6.72124166698554E-02 
 3.63475002534868E-02 
 3.22863270408067E-02 
 1.60416341900863E-02 
 1.60416341900863E-02 
 1.60416341900863E-02 
 1.60416341900863E-02 
 1.60416341900863E-02 
 2.57884499005185E-02 
 2.82251538281266E-02 
 0.046297374624553 
 9.85646738717456E-02 
 0.102138506298904 
 0.102138506298904 
 9.24729140527255E-02 
 6.25420674752733E-02 
 4.50790226607489E-02 
 7.59439390771176E-02 
 0.129510813752368 
 0.221212104894684 
 4.20331427512389E-02 
 3.47230309684147E-02 
 4.91808076055558E-02 
 5.40136037286451E-02 
 5.40136037286451E-02 
 0.057303154030916 
 2.98496231131986E-02 
 2.98496231131986E-02 
 1.32800364054639E-02 
 2.45700979367145E-02 
 0.047718785248991 
 4.61349276960457E-02 
 4.50790226607489E-02 
 5.09271120870083E-02 
 2.11181007059364E-02 
 0.343778312453369 
 0.453023871874463 
 0.462770687584896 
 0.457897279729679 
 0.199322381278338 
 2.37578632941785E-02 
 2.37578632941785E-02 
 2.37578632941785E-02 
 2.37578632941785E-02 
 2.79002599711122E-02 
 3.06618577557346E-02 
 6.92430032761954E-02 
 0.068715050758547 
 0.102504011888045 
 0.111479204688068 
 6.07145395295673E-02 
 4.04492851982936E-02 
 3.54946538788239E-02 
 2.11181007059364E-02 
 3.54946538788239E-02 
 2.11181007059364E-02 
 2.11181007059364E-02 
 3.54946538788239E-02 
 2.11181007059364E-02 
 2.83063772923802E-02 
 0.123215995272714 
 7.68373971839072E-02 
 0.113915908615676 
 0.395639494379294 
 0.101123212995734 
 9.34069838916419E-02 
 6.49787714028813E-03 
 6.49787714028813E-03 
 6.49787714028813E-03 
 6.49787714028813E-03 
 6.49787714028813E-03 
 6.49787714028813E-03 
 6.49787714028813E-03 
 6.49787714028813E-03 
 8.79650117866506E-02 
 0.10193544763827 
 8.97519280002299E-02 
 8.18732519676305E-02 
 7.79745256834576E-02 
 0.098280391746858 
 0.114525084597578 
 0.378379508225403 
 0.106402738172218 
 5.53944026209564E-02 
 0.047109609267089 
 0.047109609267089 
 6.16079976363569E-02 
 7.12735898825355E-02 
 7.33853999531291E-02 
 7.39133524707775E-02 
 0.320101672623444 
 0.049749371855331 
 5.58411316743511E-02 
 0.049749371855331 
 7.20858245250715E-02 
 0.095234511837348 
 0.107661701868149 
 0.115946495222016 
 0.115946495222016 
 6.49381596707545E-02 
 5.45415562462935E-02 
 4.42667880182129E-02 
 4.18300840906049E-02 
 4.18300840906049E-02 
 4.18300840906049E-02 
 4.18300840906049E-02 
 5.63284724598728E-02 
 6.59940647060514E-02 
 8.39444503060973E-02 
 7.98020536291637E-02 
 0.239690443012379 
 0.423011801832758 
 6.25420674752733E-02 
 3.41138549865127E-02 
 3.41138549865127E-02 
 5.11707824797691E-02 
 3.41138549865127E-02 
 7.39133524707775E-02 
 0.110748193509786 
 0.150669526190431 
 0.152293995475503 
 0.132800364054639 
 9.34069838916419E-02 
 5.76686596200572E-02 
 7.02582965793654E-02 
 6.85526038300398E-02 
 6.74154753304894E-02 
 6.71718049377286E-02 
 5.15768998010371E-02 
 5.64503076562532E-02 
 8.28479335386737E-02 
 0.105590503529682 
 0.122647431022939 
 0.168741746986858 
 0.16845746486197 
 0.140110475837463 
 0.140841487015745 
 0.126099428253717 
 0.123906394718869 
 0.144618378103538 
 0.113915908615676 
 0.123662724326109 
 0.134140551214823 
 0.140110475837463 
 0.126505545574985 
 0.131378953430201 
 0.123256607004841 
 0.154121523421209 
 0.159401048597693 
 0.137470713249221 
 0.137470713249221 
 0.40672649724991 
 0.11513426057948 
 0.123256607004841 
 0.116758729864552 
 0.10701191415412 
 6.49787714028813E-03 
 6.49787714028813E-03 
