 9.34069838916419E-03 
 9.34069838916419E-03 
 9.34069838916419E-03 
 9.34069838916419E-03 
 9.34069838916419E-03 
 9.34069838916419E-03 
 9.34069838916419E-03 
 9.34069838916419E-03 
 9.34069838916419E-03 
 9.34069838916419E-03 
 9.34069838916419E-03 
 9.34069838916419E-03 
 9.34069838916419E-03 
 9.34069838916419E-03 
 9.34069838916419E-03 
 9.34069838916419E-03 
 9.34069838916419E-03 
 9.34069838916419E-03 
 9.34069838916419E-03 
 9.34069838916419E-03 
 9.34069838916419E-03 
 9.34069838916419E-03 
 9.34069838916419E-03 
 9.34069838916419E-03 
 9.34069838916419E-03 
 9.34069838916419E-03 
 9.34069838916419E-03 
 9.34069838916419E-03 
 9.34069838916419E-03 
 9.34069838916419E-03 
 9.34069838916419E-03 
 9.34069838916419E-03 
 9.34069838916419E-03 
 9.34069838916419E-03 
 9.34069838916419E-03 
 9.34069838916419E-03 
 9.34069838916419E-03 
 9.34069838916419E-03 
 9.34069838916419E-03 
 9.34069838916419E-03 
 9.34069838916419E-03 
 9.34069838916419E-03 
 9.34069838916419E-03 
 9.34069838916419E-03 
 9.34069838916419E-03 
 9.34069838916419E-03 
 9.34069838916419E-03 
 9.34069838916419E-03 
 9.34069838916419E-03 
 9.34069838916419E-03 
 9.34069838916419E-03 
 9.34069838916419E-03 
 9.34069838916419E-03 
 9.34069838916419E-03 
 9.34069838916419E-03 
 9.34069838916419E-03 
 9.34069838916419E-03 
 9.34069838916419E-03 
 9.34069838916419E-03 
 9.34069838916419E-03 
 9.34069838916419E-03 
 9.34069838916419E-03 
 9.34069838916419E-03 
 9.34069838916419E-03 
 9.34069838916419E-03 
 9.34069838916419E-03 
 9.34069838916419E-03 
 9.34069838916419E-03 
 9.34069838916419E-03 
 9.34069838916419E-03 
 9.34069838916419E-03 
 9.34069838916419E-03 
 9.34069838916419E-03 
 9.34069838916419E-03 
 9.34069838916419E-03 
 9.34069838916419E-03 
 9.34069838916419E-03 
 9.34069838916419E-03 
 9.34069838916419E-03 
 9.34069838916419E-03 
 9.34069838916419E-03 
 9.34069838916419E-03 
 9.34069838916419E-03 
 9.34069838916419E-03 
 2.63976258824205E-02 
 3.61444415928527E-02 
 4.34545533756769E-02 
 5.78311065485644E-02 
 3.61444415928527E-02 
 2.55853912398845E-02 
 1.58385755294523E-02 
 1.01878591213293 
 1.34018716018443E-02 
 2.31486873122765E-02 
 1.34018716018443E-02 
 1.34018716018443E-02 
 1.09651676742362E-02 
 9.34069838916419E-03 
 9.34069838916419E-03 
 9.34069838916419E-03 
 9.34069838916419E-03 
 9.34069838916419E-03 
 9.34069838916419E-03 
 9.34069838916419E-03 
 9.34069838916419E-03 
 9.34069838916419E-03 
 9.34069838916419E-03 
 9.34069838916419E-03 
 9.34069838916419E-03 
 9.34069838916419E-03 
 9.34069838916419E-03 
 9.34069838916419E-03 
 9.34069838916419E-03 
 9.34069838916419E-03 
 9.34069838916419E-03 
 9.34069838916419E-03 
 9.34069838916419E-03 
 9.34069838916419E-03 
 9.34069838916419E-03 
 0.24728483692009 
 0.167970124076448 
 8.86554112328062E-02 
 9.34069838916419E-03 
 9.34069838916419E-03 
 0.24728483692009 
 9.34069838916419E-03 
 9.34069838916419E-03 
 9.34069838916419E-03 
 9.34069838916419E-03 
 9.34069838916419E-03 
 9.34069838916419E-03 
 9.34069838916419E-03 
 1.15337319240114E-02 
 1.48232822262823E-02 
 1.48232822262823E-02 
 1.48232822262823E-02 
 1.48232822262823E-02 
 1.48232822262823E-02 
 1.48232822262823E-02 
 1.48232822262823E-02 
 3.90278745738556E-02 
 4.62161511602994E-02 
 0.047921843909625 
 0.047921843909625 
 0.047921843909625 
 0.047921843909625 
 0.047921843909625 
 4.35357768399305E-02 
 4.24392600725069E-02 
 4.40637293575789E-02 
 0.050561606497867 
 5.40136037286451E-02 
 6.45726540816133E-02 
 5.96992462263972E-02 
 5.96992462263972E-02 
 5.96992462263972E-02 
 5.74249892272964E-02 
 5.68564249775212E-02 
 5.68564249775212E-02 
 0.215485850664805 
 0.142669014961451 
 5.68564249775212E-02 
 5.68564249775212E-02 
 5.34044277467431E-02 
 3.95964388236308E-02 
 3.95964388236308E-02 
 3.95964388236308E-02 
 3.95964388236308E-02 
 3.35452907367375E-02 
 1.21835196380403E-02 
 1.21835196380403E-02 
 1.21835196380403E-02 
 1.21835196380403E-02 
 1.21835196380403E-02 
 1.21835196380403E-02 
 1.21835196380403E-02 
 0.170812945325324 
 9.14982324816823E-02 
 1.21835196380403E-02 
 1.21835196380403E-02 
 1.21835196380403E-02 
 1.21835196380403E-02 
 1.21835196380403E-02 
 1.10463911384898E-02 
 9.34069838916419E-03 
 9.34069838916419E-03 
 9.34069838916419E-03 
 9.34069838916419E-03 
 9.34069838916419E-03 
 9.34069838916419E-03 
 9.34069838916419E-03 
 9.34069838916419E-03 
 9.34069838916419E-03 
 9.34069838916419E-03 
 9.34069838916419E-03 
 9.34069838916419E-03 
 9.34069838916419E-03 
 9.34069838916419E-03 
 9.34069838916419E-03 
 9.34069838916419E-03 
 9.34069838916419E-03 
 9.34069838916419E-03 
 9.34069838916419E-03 
 9.34069838916419E-03 
 9.34069838916419E-03 
 9.34069838916419E-03 
 1.48232822262823E-02 
 1.48232822262823E-02 
 1.48232822262823E-02 
 1.48232822262823E-02 
 1.48232822262823E-02 
 1.48232822262823E-02 
 9.41379950699243E-02 
 0.173452707913566 
 4.61349276960458E-02 
 0.049343254534063 
 4.50790226607489E-02 
 4.50790226607489E-02 
 9.04017157142587E-02 
 4.50790226607489E-02 
 4.28859891259017E-02 
 3.95964388236308E-02 
 3.95964388236308E-02 
 3.95964388236308E-02 
 3.95964388236308E-02 
 0.277540577354557 
 3.95964388236308E-02 
 3.95964388236308E-02 
 3.95964388236308E-02 
 3.95964388236308E-02 
 3.95964388236308E-02 
 3.95964388236308E-02 
 3.95964388236308E-02 
 3.95964388236308E-02 
 4.20331427512389E-02 
 5.72625422987892E-02 
 5.72625422987892E-02 
 5.72625422987892E-02 
 2.70068018643226E-02 
 2.70068018643226E-02 
 2.70068018643226E-02 
 2.70068018643226E-02 
 2.70068018643226E-02 
 2.70068018643226E-02 
 2.70068018643226E-02 
 2.70068018643226E-02 
 2.70068018643226E-02 
 4.16270254299709E-02 
 2.70068018643226E-02 
 3.27330560942015E-02 
 0.038946651109602 
 6.04708691368064E-02 
 7.53753748273423E-02 
 7.59439390771176E-02 
 7.91928776472616E-02 
 8.00051122897976E-02 
 6.34355255820629E-02 
 6.03084222082992E-02 
 6.03084222082992E-02 
 6.37604194390773E-02 
 5.72625422987892E-02 
 6.97709557938438E-02 
 9.97018023712961E-02 
 0.09482839451608 
 0.101123212995734 
 9.43004419984315E-02 
 8.71121654119878E-02 
 7.28980591676075E-02 
 7.28980591676075E-02 
 7.28980591676075E-02 
 8.93458106789618E-02 
 7.78526904870772E-02 
 0.046703491945821 
 6.29481847965413E-02 
 9.34069838916419E-03 
 9.34069838916419E-03 
 9.34069838916419E-03 
 9.34069838916419E-03 
 9.34069838916419E-03 
 9.34069838916419E-03 
 9.34069838916419E-03 
 9.34069838916419E-03 
 9.34069838916419E-03 
 9.34069838916419E-03 
 9.34069838916419E-03 
 9.34069838916419E-03 
 9.34069838916419E-03 
 9.34069838916419E-03 
