 0.142709626693578 
 3.26924443620747E-02 
 2.27019582588817E-02 
 3.22863270408067E-02 
 3.22863270408067E-02 
 3.22863270408067E-02 
 8.32540508599417E-03 
 8.32540508599417E-03 
 8.32540508599417E-03 
 8.32540508599417E-03 
 8.32540508599417E-03 
 8.32540508599417E-03 
 8.32540508599417E-03 
 8.32540508599417E-03 
 2.74941426498442E-02 
 3.22863270408067E-02 
 3.22863270408067E-02 
 2.74941426498442E-02 
 8.32540508599417E-03 
 8.32540508599417E-03 
 8.32540508599417E-03 
 8.32540508599417E-03 
 8.32540508599417E-03 
 8.32540508599417E-03 
 8.32540508599417E-03 
 1.79097738679192E-02 
 3.22863270408067E-02 
 3.22863270408067E-02 
 3.22863270408067E-02 
 1.31175894769567E-02 
 8.32540508599417E-03 
 8.32540508599417E-03 
 8.32540508599417E-03 
 8.32540508599417E-03 
 8.32540508599417E-03 
 8.32540508599417E-03 
 8.32540508599417E-03 
 8.32540508599417E-03 
 8.32540508599417E-03 
 8.32540508599417E-03 
 8.32540508599417E-03 
 8.32540508599417E-03 
 8.32540508599417E-03 
 8.32540508599417E-03 
 8.32540508599417E-03 
 8.32540508599417E-03 
 8.32540508599417E-03 
 8.32540508599417E-03 
 8.32540508599417E-03 
 8.32540508599417E-03 
 8.32540508599417E-03 
 8.32540508599417E-03 
 1.79097738679192E-02 
 3.22863270408067E-02 
 3.22863270408067E-02 
 3.22863270408067E-02 
 1.31175894769567E-02 
 8.32540508599417E-03 
 8.32540508599417E-03 
 1.80722207964264E-02 
 9.9498743710662E-03 
 2.63976258824205E-02 
 2.35548046335445E-02 
 2.35548046335445E-02 
 2.35548046335445E-02 
 2.35548046335445E-02 
 2.49762152579825E-02 
 4.50384109286221E-02 
 5.46227797105471E-02 
 5.46227797105471E-02 
 3.22863270408067E-02 
 8.32540508599417E-03 
 8.32540508599417E-03 
 8.32540508599417E-03 
 8.32540508599417E-03 
 8.32540508599417E-03 
 8.32540508599417E-03 
 8.32540508599417E-03 
 8.32540508599417E-03 
 8.32540508599417E-03 
 8.32540508599417E-03 
 8.32540508599417E-03 
 8.32540508599417E-03 
 8.32540508599417E-03 
 8.32540508599417E-03 
 8.32540508599417E-03 
 2.27019582588817E-02 
 3.22863270408067E-02 
 3.22863270408067E-02 
 3.22863270408067E-02 
 8.32540508599417E-03 
 8.32540508599417E-03 
 8.32540508599417E-03 
 8.32540508599417E-03 
 8.32540508599417E-03 
 8.32540508599417E-03 
 8.32540508599417E-03 
 8.32540508599417E-03 
 8.32540508599417E-03 
 8.32540508599417E-03 
 8.32540508599417E-03 
 8.32540508599417E-03 
 8.32540508599417E-03 
 8.32540508599417E-03 
 8.32540508599417E-03 
 8.32540508599417E-03 
 8.32540508599417E-03 
 8.32540508599417E-03 
 8.32540508599417E-03 
 8.32540508599417E-03 
 1.79097738679192E-02 
 3.22863270408067E-02 
 3.22863270408067E-02 
 3.22863270408067E-02 
 1.31175894769567E-02 
 8.32540508599417E-03 
 8.32540508599417E-03 
 8.32540508599417E-03 
 8.32540508599417E-03 
 8.32540508599417E-03 
 8.32540508599417E-03 
 8.32540508599417E-03 
 8.32540508599417E-03 
 8.32540508599417E-03 
 8.32540508599417E-03 
 8.32540508599417E-03 
 1.79097738679192E-02 
 3.22863270408067E-02 
 3.22863270408067E-02 
 3.22863270408067E-02 
 1.31175894769567E-02 
 8.32540508599417E-03 
 8.32540508599417E-03 
 8.32540508599417E-03 
 2.62351789539133E-02 
 3.61444415928527E-02 
 3.61444415928527E-02 
 3.61444415928527E-02 
 3.61444415928527E-02 
 3.61444415928527E-02 
 3.61444415928527E-02 
 3.61444415928527E-02 
 3.30985616833427E-02 
 3.30985616833427E-02 
 3.30985616833427E-02 
 3.30985616833427E-02 
 3.30985616833427E-02 
 3.30985616833427E-02 
 3.79719695385588E-02 
 3.30985616833427E-02 
 3.30985616833427E-02 
 3.30985616833427E-02 
 0.155299263652886 
 3.30985616833427E-02 
 3.30985616833427E-02 
 3.30985616833427E-02 
 3.30985616833427E-02 
 3.30985616833427E-02 
 3.30985616833427E-02 
 4.80842908381322E-02 
 8.75182827332558E-02 
 8.75182827332558E-02 
 8.75182827332558E-02 
 6.70093580092214E-02 
 6.70093580092214E-02 
 6.70093580092214E-02 
 6.70093580092214E-02 
 6.70093580092214E-02 
 8.32540508599417E-03 
 8.32540508599417E-03 
 8.32540508599417E-03 
 1.79097738679192E-02 
 3.22863270408067E-02 
 3.22863270408067E-02 
 3.22863270408067E-02 
 1.31175894769567E-02 
 8.32540508599417E-03 
 8.32540508599417E-03 
 8.32540508599417E-03 
 8.32540508599417E-03 
 6.70093580092214E-02 
 3.95964388236308E-02 
 3.95964388236308E-02 
 3.89872628417288E-02 
 0.125084134950547 
 0.21605441491458 
 5.69782601739016E-02 
 7.06644139006335E-02 
 7.06644139006335E-02 
 6.99740144544778E-02 
 7.06644139006335E-02 
 7.06644139006335E-02 
 7.06644139006335E-02 
 7.06644139006335E-02 
 7.06644139006335E-02 
 7.06644139006335E-02 
 7.31011178282415E-02 
 6.82277099730254E-02 
 6.76185339911234E-02 
 5.24297461756999E-02 
 6.68062993485874E-02 
 6.48163244743741E-02 
 6.35573607784433E-02 
 4.43886232145933E-02 
 0.037525240485164 
 3.61444415928527E-02 
 2.12805476344436E-02 
 1.13712849955042E-02 
 1.13712849955042E-02 
 1.13712849955042E-02 
 3.95964388236308E-02 
 4.50790226607489E-02 
 4.50790226607489E-02 
 4.20331427512389E-02 
 4.20331427512389E-02 
 7.11111429540283E-02 
 9.36100425522759E-02 
 0.09787427442559 
 9.30820900346275E-02 
 7.39133524707775E-02 
 7.39133524707775E-02 
 5.90494585123684E-02 
 6.89587211513078E-02 
 7.39133524707775E-02 
 7.13954250789159E-02 
 6.33543021178093E-02 
 6.05114808689332E-02 
 7.13954250789159E-02 
 8.42693441631117E-02 
 8.48785201450138E-02 
 8.73152240726218E-02 
 8.73152240726218E-02 
 0.111276146027434 
 0.111276146027434 
 1.19495960609899 
 5.39729919965183E-02 
 0.050561606497867 
 6.70093580092214E-02 
 3.95964388236308E-02 
 3.95964388236308E-02 
 3.95964388236308E-02 
 3.82968633955732E-02 
 0.038134416467066 
 5.37699333358843E-02 
 4.84904081594002E-02 
 3.85811455204608E-02 
 6.70093580092214E-02 
 5.52319556924491E-02 
 6.25420674752733E-02 
 6.75779222589966E-02 
 8.14265229142357E-02 
 0.104575210226512 
 0.112494497991238 
 0.10193544763827 
 9.43816654626851E-02 
 0.124271900308011 
 0.106768243761359 
 0.097671215764956 
 8.37007799133365E-02 
 9.99048610319301E-02 
 0.270880253285762 
 0.512113942118959 
 0.506225240960572 
 0.506225240960572 
 0.346824192362879 
 0.097671215764956 
 0.109854735402996 
 0.113915908615676 
 0.107621090136022 
 0.102666458816553 
 0.109245559421094 
 0.114931201918846 
 0.106077844315204 
 7.84618664689792E-02 
 7.97208301649101E-02 
 8.28479335386737E-02 
 8.03300061468121E-02 
 0.331919686672343 
 7.18827658644375E-02 
 6.70093580092214E-02 
 6.70093580092214E-02 
 7.91928776472616E-02 
 7.18827658644375E-02 
 9.13763972853019E-02 
 0.129551425484495 
 0.317380686570949 
 0.20082501536703 
 9.77930509613364E-02 
