 9.5437570497982E-03 
 9.5437570497982E-03 
 9.5437570497982E-03 
 9.5437570497982E-03 
 9.5437570497982E-03 
 9.5437570497982E-03 
 9.5437570497982E-03 
 9.5437570497982E-03 
 9.5437570497982E-03 
 9.5437570497982E-03 
 9.5437570497982E-03 
 9.5437570497982E-03 
 9.5437570497982E-03 
 9.5437570497982E-03 
 9.5437570497982E-03 
 9.5437570497982E-03 
 9.5437570497982E-03 
 9.5437570497982E-03 
 9.5437570497982E-03 
 9.5437570497982E-03 
 9.5437570497982E-03 
 9.5437570497982E-03 
 9.5437570497982E-03 
 9.5437570497982E-03 
 9.5437570497982E-03 
 9.5437570497982E-03 
 9.5437570497982E-03 
 9.5437570497982E-03 
 9.5437570497982E-03 
 9.5437570497982E-03 
 9.5437570497982E-03 
 9.5437570497982E-03 
 9.5437570497982E-03 
 9.5437570497982E-03 
 9.5437570497982E-03 
 9.5437570497982E-03 
 9.5437570497982E-03 
 9.5437570497982E-03 
 9.5437570497982E-03 
 9.5437570497982E-03 
 9.5437570497982E-03 
 9.5437570497982E-03 
 9.5437570497982E-03 
 9.5437570497982E-03 
 9.5437570497982E-03 
 9.5437570497982E-03 
 9.5437570497982E-03 
 9.5437570497982E-03 
 9.5437570497982E-03 
 9.5437570497982E-03 
 9.5437570497982E-03 
 9.5437570497982E-03 
 9.5437570497982E-03 
 9.5437570497982E-03 
 9.5437570497982E-03 
 9.5437570497982E-03 
 9.5437570497982E-03 
 9.5437570497982E-03 
 9.5437570497982E-03 
 9.5437570497982E-03 
 9.5437570497982E-03 
 9.5437570497982E-03 
 9.5437570497982E-03 
 9.5437570497982E-03 
 9.5437570497982E-03 
 9.5437570497982E-03 
 9.5437570497982E-03 
 9.5437570497982E-03 
 9.5437570497982E-03 
 9.5437570497982E-03 
 9.5437570497982E-03 
 9.5437570497982E-03 
 9.5437570497982E-03 
 9.5437570497982E-03 
 9.5437570497982E-03 
 9.5437570497982E-03 
 9.5437570497982E-03 
 9.5437570497982E-03 
 9.5437570497982E-03 
 9.5437570497982E-03 
 9.5437570497982E-03 
 9.5437570497982E-03 
 9.5437570497982E-03 
 1.13306732633774E-02 
 1.66508101719883E-02 
 0.237050680424136 
 2.80220951674926E-02 
 3.28955030227087E-02 
 4.10178494480688E-02 
 6.42477602245989E-02 
 5.61254137992388E-02 
 0.066075288170305 
 9.5437570497982E-03 
 9.5437570497982E-03 
 9.5437570497982E-03 
 9.5437570497982E-03 
 9.5437570497982E-03 
 9.5437570497982E-03 
 3.61444415928527E-02 
 3.61444415928527E-02 
 0.418300840906049 
 0.418300840906049 
 0.418300840906049 
 0.418300840906049 
 0.418300840906049 
 0.189007001318131 
 3.61444415928527E-02 
 3.61444415928527E-02 
 4.55663634462705E-02 
 4.22362014118729E-02 
 4.22362014118729E-02 
 4.07741790553081E-02 
 3.97994974842648E-02 
 3.97994974842648E-02 
 3.97994974842648E-02 
 3.97994974842648E-02 
 9.5437570497982E-03 
 9.5437570497982E-03 
 9.5437570497982E-03 
 9.5437570497982E-03 
 9.5437570497982E-03 
 9.5437570497982E-03 
 9.5437570497982E-03 
 9.5437570497982E-03 
 9.5437570497982E-03 
 9.5437570497982E-03 
 9.5437570497982E-03 
 9.5437570497982E-03 
 9.5437570497982E-03 
 9.5437570497982E-03 
 9.5437570497982E-03 
 9.5437570497982E-03 
 9.5437570497982E-03 
 9.5437570497982E-03 
 9.5437570497982E-03 
 9.5437570497982E-03 
 9.5437570497982E-03 
 9.5437570497982E-03 
 9.5437570497982E-03 
 9.5437570497982E-03 
 9.5437570497982E-03 
 9.5437570497982E-03 
 9.5437570497982E-03 
 9.5437570497982E-03 
 9.5437570497982E-03 
 9.5437570497982E-03 
 9.5437570497982E-03 
 9.5437570497982E-03 
 9.5437570497982E-03 
 9.5437570497982E-03 
 9.5437570497982E-03 
 9.5437570497982E-03 
 9.5437570497982E-03 
 9.5437570497982E-03 
 3.97994974842648E-02 
 3.97994974842648E-02 
 3.97994974842648E-02 
 4.02462265376596E-02 
 4.20331427512389E-02 
 4.20331427512389E-02 
 4.08147907874348E-02 
 3.59413829322187E-02 
 3.59413829322187E-02 
 3.59413829322187E-02 
 3.59413829322187E-02 
 3.59413829322187E-02 
 3.59413829322187E-02 
 3.59413829322187E-02 
 3.59413829322187E-02 
 4.71908327313426E-02 
 0.128861026038339 
 0.450993285268123 
 0.454648341159535 
 0.468456330082648 
 0.426829304652677 
 2.41639806154465E-02 
 2.41639806154465E-02 
 2.41639806154465E-02 
 2.41639806154465E-02 
 2.41639806154465E-02 
 2.41639806154465E-02 
 2.41639806154465E-02 
 2.41639806154465E-02 
 2.41639806154465E-02 
 2.41639806154465E-02 
 2.41639806154465E-02 
 2.41639806154465E-02 
 0.038540533788334 
 2.41639806154465E-02 
 2.41639806154465E-02 
 0.038540533788334 
 2.41639806154465E-02 
 3.13522572018902E-02 
 3.13522572018902E-02 
 2.41639806154465E-02 
 5.86433411911004E-02 
 0.101651165513383 
 9.5437570497982E-03 
 9.5437570497982E-03 
 9.5437570497982E-03 
 9.5437570497982E-03 
 9.5437570497982E-03 
 9.5437570497982E-03 
 9.5437570497982E-03 
 5.78311065485644E-02 
 6.98521792580974E-02 
 6.98521792580974E-02 
 6.98521792580974E-02 
 6.98521792580974E-02 
 6.98521792580974E-02 
 0.290252049510246 
 6.98521792580974E-02 
 6.38416429033309E-02 
 3.97994974842648E-02 
 3.97994974842648E-02 
 3.97994974842648E-02 
 9.5437570497982E-03 
 9.5437570497982E-03 
 9.5437570497982E-03 
 9.5437570497982E-03 
 9.5437570497982E-03 
 9.5437570497982E-03 
 9.5437570497982E-03 
 9.5437570497982E-03 
 9.5437570497982E-03 
 9.5437570497982E-03 
 9.5437570497982E-03 
 9.5437570497982E-03 
 9.5437570497982E-03 
 9.5437570497982E-03 
 9.5437570497982E-03 
 9.5437570497982E-03 
 9.5437570497982E-03 
 9.5437570497982E-03 
 9.5437570497982E-03 
 9.5437570497982E-03 
 9.5437570497982E-03 
 9.5437570497982E-03 
 9.5437570497982E-03 
 9.5437570497982E-03 
 9.5437570497982E-03 
 9.5437570497982E-03 
 9.5437570497982E-03 
 9.5437570497982E-03 
 9.5437570497982E-03 
 9.5437570497982E-03 
 3.97994974842648E-02 
 3.37077376652447E-02 
 3.93933801629968E-02 
 5.58411316743512E-02 
 7.87461485938668E-02 
 9.19855732672039E-02 
 9.01580453214979E-02 
 9.01580453214979E-02 
 6.01053635476652E-02 
 0.050155489176599 
 3.91903215023628E-02 
 4.48759640001149E-02 
 0.048734078552161 
 0.195667325386926 
 0.119763998041936 
 3.51291482896827E-02 
 2.76565895783514E-02 
 3.02557404344666E-02 
 3.67536175747548E-02 
 0.151644207761474 
 0.323675505050603 
 0.321847977104897 
 9.5437570497982E-03 
 9.5437570497982E-03 
 9.5437570497982E-03 
 9.5437570497982E-03 
 9.5437570497982E-03 
 9.5437570497982E-03 
 9.5437570497982E-03 
 9.5437570497982E-03 
 9.5437570497982E-03 
 9.5437570497982E-03 
 9.5437570497982E-03 
 9.5437570497982E-03 
 9.5437570497982E-03 
 9.5437570497982E-03 
 9.5437570497982E-03 
 9.5437570497982E-03 
 9.5437570497982E-03 
 9.5437570497982E-03 
 9.5437570497982E-03 
 9.5437570497982E-03 
