 9.94987437106621E-03 
 2.50574387222361E-02 
 4.48759640001149E-02 
 0.049749371855331 
 0.049749371855331 
 0.049749371855331 
 5.29983104254751E-02 
 5.00336539802186E-02 
 6.41665367603453E-02 
 6.66032406879534E-02 
 6.41665367603453E-02 
 6.25826792074001E-02 
 9.94987437106621E-03 
 9.94987437106621E-03 
 9.94987437106621E-03 
 9.94987437106621E-03 
 9.94987437106621E-03 
 9.94987437106621E-03 
 9.94987437106621E-03 
 0.046500433285187 
 5.33638160146163E-02 
 8.08173469323337E-02 
 8.08173469323337E-02 
 5.88870115838612E-02 
 3.74034052887836E-02 
 9.94987437106621E-03 
 9.94987437106621E-03 
 9.94987437106621E-03 
 9.94987437106621E-03 
 9.94987437106621E-03 
 9.94987437106621E-03 
 9.94987437106621E-03 
 9.94987437106621E-03 
 1.72599861538904E-02 
 0.046500433285187 
 0.046500433285187 
 0.046500433285187 
 0.046500433285187 
 1.72599861538904E-02 
 9.94987437106621E-03 
 9.94987437106621E-03 
 9.94987437106621E-03 
 9.94987437106621E-03 
 9.94987437106621E-03 
 1.68132571004955E-02 
 4.42667880182129E-02 
 4.42667880182129E-02 
 5.88870115838612E-02 
 7.39539642029043E-02 
 0.046500433285187 
 0.046500433285187 
 0.046500433285187 
 9.94987437106621E-03 
 9.94987437106621E-03 
 9.94987437106621E-03 
 9.94987437106621E-03 
 9.94987437106621E-03 
 1.68132571004955E-02 
 4.42667880182129E-02 
 4.42667880182129E-02 
 4.42667880182129E-02 
 5.20236288544319E-02 
 0.046500433285187 
 0.046500433285187 
 0.046500433285187 
 0.046500433285187 
 9.94987437106621E-03 
 9.94987437106621E-03 
 9.94987437106621E-03 
 9.94987437106621E-03 
 9.94987437106621E-03 
 4.42667880182129E-02 
 4.42667880182129E-02 
 4.42667880182129E-02 
 4.42667880182129E-02 
 3.91903215023628E-02 
 0.046500433285187 
 0.046500433285187 
 0.046500433285187 
 3.18802097195387E-02 
 9.94987437106621E-03 
 9.94987437106621E-03 
 9.94987437106621E-03 
 3.74034052887836E-02 
 4.42667880182129E-02 
 4.42667880182129E-02 
 4.42667880182129E-02 
 1.68132571004955E-02 
 2.45700979367145E-02 
 0.046500433285187 
 6.07145395295672E-02 
 6.25420674752733E-02 
 9.07672213033999E-02 
 5.42166623892791E-02 
 5.42166623892791E-02 
 5.42166623892791E-02 
 6.79434278481378E-02 
 8.85335760364258E-02 
 8.85335760364258E-02 
 8.85335760364258E-02 
 0.268118655501139 
 0.537496274698209 
 0.559426610046681 
 0.57290970511278 
 0.571204012363454 
 0.571204012363454 
 0.56389390058063 
 0.534653453449333 
 0.534653453449333 
 0.534653453449333 
 0.521454640508123 
 0.546227797105471 
 0.366642717640758 
 0.097265098443688 
 0.097265098443688 
 0.097265098443688 
 8.35383329848293E-02 
 6.29481847965413E-02 
 6.29481847965413E-02 
 6.29481847965413E-02 
 5.30389221576019E-02 
 3.81750281991928E-02 
 0.300161312149185 
 0.121266632130627 
 0.048327961230893 
 7.75684083621896E-02 
 7.75684083621896E-02 
 7.75684083621896E-02 
 7.75684083621896E-02 
 5.51913439603223E-02 
 7.53347630952156E-02 
 7.53347630952156E-02 
 7.53347630952156E-02 
 6.84713803657862E-02 
 0.262879742056782 
 4.10178494480688E-02 
 4.10178494480688E-02 
 3.98807209485184E-02 
 3.81750281991928E-02 
 3.81750281991928E-02 
 3.81750281991928E-02 
 4.30484360544089E-02 
 3.81750281991928E-02 
 5.19017936580515E-02 
 7.24919418463395E-02 
 7.24919418463395E-02 
 8.71121654119878E-02 
 9.53157353016016E-02 
 7.47255871133135E-02 
 7.47255871133135E-02 
 7.47255871133135E-02 
 3.81750281991928E-02 
 9.94987437106621E-03 
 9.94987437106621E-03 
 9.94987437106621E-03 
 9.94987437106621E-03 
 9.94987437106621E-03 
 9.94987437106621E-03 
 9.94987437106621E-03 
 9.94987437106621E-03 
 9.94987437106621E-03 
 8.39038385739705E-02 
 0.157857802776875 
 1.19804609774062E-02 
 3.18802097195387E-02 
 0.046500433285187 
 0.046500433285187 
 0.046500433285187 
 3.91903215023628E-02 
 9.94987437106621E-03 
 3.05400225593542E-02 
 4.42667880182129E-02 
 4.42667880182129E-02 
 4.42667880182129E-02 
 2.36766398299249E-02 
 9.94987437106621E-03 
 9.94987437106621E-03 
 9.94987437106621E-03 
 1.72599861538904E-02 
 0.046500433285187 
 0.046500433285187 
 0.046500433285187 
 0.046500433285187 
 1.72599861538904E-02 
 9.94987437106621E-03 
 9.94987437106621E-03 
 9.94987437106621E-03 
 9.94987437106621E-03 
 1.68132571004955E-02 
 4.42667880182129E-02 
 4.42667880182129E-02 
 4.42667880182129E-02 
 3.74034052887836E-02 
 1.72599861538904E-02 
 0.046500433285187 
 0.046500433285187 
 0.046500433285187 
 0.046500433285187 
 1.72599861538904E-02 
 9.94987437106621E-03 
 9.94987437106621E-03 
 9.94987437106621E-03 
 9.94987437106621E-03 
 9.94987437106621E-03 
 0.157857802776875 
 9.20261849993307E-02 
 1.80722207964264E-02 
 2.17272766878384E-02 
 2.41639806154465E-02 
 0.2965468679899 
 2.74129191855906E-02 
 2.82251538281266E-02 
 1.60416341900863E-02 
 3.79719695385588E-02 
 0.103113187869947 
 5.25921931042071E-02 
 8.08173469323337E-02 
 8.72340006083682E-02 
 7.85837016653596E-02 
 7.85837016653596E-02 
 7.85837016653596E-02 
 6.48569362065009E-02 
 3.81750281991928E-02 
 3.81750281991928E-02 
 3.81750281991928E-02 
 4.31296595186625E-02 
 6.29481847965413E-02 
 6.29481847965413E-02 
 6.29481847965413E-02 
 6.29481847965413E-02 
 6.29481847965413E-02 
 6.29481847965413E-02 
 6.29481847965413E-02 
 8.00051122897976E-02 
 0.1330440344474 
 0.139907417176829 
 0.364612131034418 
 0.142750238425705 
 7.87461485938668E-02 
 7.18827658644375E-02 
 7.18827658644375E-02 
 7.18827658644375E-02 
 7.18827658644375E-02 
 7.18827658644375E-02 
 7.18827658644375E-02 
 7.18827658644375E-02 
 8.08173469323337E-02 
 0.117611576239215 
 0.126099428253717 
 0.124881076289913 
 0.148110987066443 
 0.127886344467296 
 0.121835196380403 
 0.121835196380403 
 0.108352101314305 
 8.81274587151578E-02 
 8.89396933576938E-02 
 7.91928776472616E-02 
 7.59439390771176E-02 
 8.56907547875498E-02 
 8.81274587151578E-02 
 0.096655922461786 
 9.05641626427659E-02 
 8.81274587151578E-02 
 8.81274587151578E-02 
 0.118017693560483 
 0.165086691095445 
 0.165086691095445 
 0.165086691095445 
 0.139420076391307 
 0.126302486914351 
 0.10193544763827 
 9.13763972853019E-02 
 0.101123212995734 
 0.11208838066997 
 0.119601551113428 
 7.44413049884259E-02 
 6.14861624399765E-02 
 8.89396933576938E-02 
 0.113712849955042 
 0.096655922461786 
 0.118626869542385 
 0.097671215764956 
 0.108230266117924 
 0.10295074094144 
 9.03611039821319E-02 
 6.43695954209793E-02 
 6.11206568508353E-02 
