 1.05590503529682E-02 
 1.05590503529682E-02 
 1.05590503529682E-02 
 1.05590503529682E-02 
 1.05590503529682E-02 
 1.05590503529682E-02 
 1.05590503529682E-02 
 1.05590503529682E-02 
 1.05590503529682E-02 
 3.10679750770026E-02 
 3.10679750770026E-02 
 3.10679750770026E-02 
 2.28644051873889E-02 
 1.05590503529682E-02 
 1.05590503529682E-02 
 1.05590503529682E-02 
 1.05590503529682E-02 
 1.05590503529682E-02 
 1.05590503529682E-02 
 1.05590503529682E-02 
 1.05590503529682E-02 
 1.46608352977751E-02 
 3.10679750770026E-02 
 3.10679750770026E-02 
 3.10679750770026E-02 
 0.018762620242582 
 1.05590503529682E-02 
 1.05590503529682E-02 
 1.05590503529682E-02 
 1.05590503529682E-02 
 1.05590503529682E-02 
 1.05590503529682E-02 
 1.05590503529682E-02 
 1.05590503529682E-02 
 1.05590503529682E-02 
 1.05590503529682E-02 
 1.05590503529682E-02 
 1.05590503529682E-02 
 1.05590503529682E-02 
 1.05590503529682E-02 
 1.05590503529682E-02 
 1.05590503529682E-02 
 1.05590503529682E-02 
 1.05590503529682E-02 
 3.10679750770026E-02 
 3.10679750770026E-02 
 3.10679750770026E-02 
 2.28644051873889E-02 
 1.05590503529682E-02 
 1.05590503529682E-02 
 1.05590503529682E-02 
 1.05590503529682E-02 
 1.05590503529682E-02 
 1.05590503529682E-02 
 1.05590503529682E-02 
 1.05590503529682E-02 
 1.05590503529682E-02 
 1.05590503529682E-02 
 0.018762620242582 
 3.10679750770026E-02 
 3.10679750770026E-02 
 3.10679750770026E-02 
 1.46608352977751E-02 
 1.05590503529682E-02 
 1.05590503529682E-02 
 1.05590503529682E-02 
 1.05590503529682E-02 
 1.05590503529682E-02 
 1.05590503529682E-02 
 1.05590503529682E-02 
 1.05590503529682E-02 
 1.05590503529682E-02 
 1.05590503529682E-02 
 1.05590503529682E-02 
 1.05590503529682E-02 
 1.05590503529682E-02 
 0.018762620242582 
 3.10679750770026E-02 
 3.10679750770026E-02 
 3.10679750770026E-02 
 1.46608352977751E-02 
 1.34018716018443E-02 
 3.45199723077807E-02 
 5.94961875657632E-02 
 0.056693978049014 
 6.21359501540053E-02 
 6.21359501540053E-02 
 6.75779222589966E-02 
 7.26950005069735E-02 
 6.74154753304894E-02 
 1.05590503529682E-02 
 1.05590503529682E-02 
 1.05590503529682E-02 
 1.05590503529682E-02 
 0.018762620242582 
 3.10679750770026E-02 
 3.10679750770026E-02 
 3.10679750770026E-02 
 4.43073997503397E-02 
 0.262676683396148 
 6.57910060454174E-02 
 6.57910060454174E-02 
 0.460130924996653 
 0.460130924996653 
 0.444332961199328 
 0.432311888489795 
 1.05590503529682E-02 
 1.05590503529682E-02 
 3.79719695385588E-02 
 3.79719695385588E-02 
 3.79719695385588E-02 
 3.79719695385588E-02 
 3.79719695385588E-02 
 4.08960142516884E-02 
 5.25921931042071E-02 
 0.294191387526545 
 0.455257517141437 
 0.455257517141437 
 0.455257517141437 
 0.301135993720228 
 4.56881986426509E-02 
 4.56881986426509E-02 
 4.56881986426509E-02 
 3.33828438082303E-02 
 2.51792739186165E-02 
 2.51792739186165E-02 
 2.51792739186165E-02 
 2.51792739186165E-02 
 2.51792739186165E-02 
 2.51792739186165E-02 
 2.51792739186165E-02 
 2.51792739186165E-02 
 0.039555827091504 
 2.51792739186165E-02 
 3.64693354498672E-02 
 5.28764752290947E-02 
 4.56881986426509E-02 
 6.00647518155384E-02 
 3.33828438082303E-02 
 2.51792739186165E-02 
 9.98642492998033E-02 
 5.66127545847604E-02 
 1.05590503529682E-02 
 1.05590503529682E-02 
 1.05590503529682E-02 
 1.05590503529682E-02 
 1.05590503529682E-02 
 1.05590503529682E-02 
 5.02773243729794E-02 
 6.02678104761724E-02 
 3.10679750770026E-02 
 3.10679750770026E-02 
 1.05590503529682E-02 
 1.05590503529682E-02 
 1.05590503529682E-02 
 1.05590503529682E-02 
 1.05590503529682E-02 
 1.05590503529682E-02 
 1.05590503529682E-02 
 1.05590503529682E-02 
 1.05590503529682E-02 
 1.05590503529682E-02 
 1.05590503529682E-02 
 1.05590503529682E-02 
 1.05590503529682E-02 
 1.05590503529682E-02 
 1.05590503529682E-02 
 1.05590503529682E-02 
 1.05590503529682E-02 
 1.05590503529682E-02 
 0.018762620242582 
 3.10679750770026E-02 
 3.10679750770026E-02 
 3.10679750770026E-02 
 1.46608352977751E-02 
 1.05590503529682E-02 
 1.05590503529682E-02 
 1.05590503529682E-02 
 1.05590503529682E-02 
 1.05590503529682E-02 
 1.05590503529682E-02 
 1.05590503529682E-02 
 1.05590503529682E-02 
 2.28644051873889E-02 
 3.10679750770026E-02 
 3.10679750770026E-02 
 3.10679750770026E-02 
 1.05590503529682E-02 
 1.05590503529682E-02 
 1.05590503529682E-02 
 1.05590503529682E-02 
 1.05590503529682E-02 
 1.05590503529682E-02 
 1.05590503529682E-02 
 4.02056148055328E-02 
 4.02056148055328E-02 
 4.02056148055328E-02 
 4.02056148055328E-02 
 4.02056148055328E-02 
 5.25109696399535E-02 
 6.51006065992617E-02 
 6.07145395295672E-02 
 6.07145395295672E-02 
 4.02056148055328E-02 
 4.02056148055328E-02 
 4.08554025195616E-02 
 5.70594836381552E-02 
 0.049749371855331 
 6.53442769920226E-02 
 7.04613552399995E-02 
 7.04613552399995E-02 
 7.04613552399995E-02 
 7.04613552399995E-02 
 7.04613552399995E-02 
 1.06183434818733 
 4.48759640001149E-02 
 5.58411316743512E-02 
 4.99930422480918E-02 
 7.04613552399995E-02 
 7.04613552399995E-02 
 0.067699757455377 
 3.79719695385588E-02 
 3.79719695385588E-02 
 3.79719695385588E-02 
 0.066075288170305 
 6.07145395295672E-02 
 6.07145395295672E-02 
 6.07145395295672E-02 
 6.07145395295672E-02 
 7.16797072038035E-02 
 8.81274587151578E-02 
 8.81274587151578E-02 
 9.05641626427659E-02 
 0.100310978353198 
 0.115824660025636 
 0.128130014860057 
 0.10295074094144 
 0.10295074094144 
 8.24824279495325E-02 
 0.076268832934132 
 7.57408804164836E-02 
 7.57408804164836E-02 
 0.078502478201106 
 8.26448748780397E-02 
 8.99549866608639E-02 
 8.49597436092674E-02 
 8.51628022699013E-02 
 0.113509791294408 
 0.101732388977636 
 0.108433324778558 
 0.10599662085095 
 9.84428386753652E-02 
 0.10498132754778 
 0.114728143258212 
 0.121591525987642 
 0.130160601466397 
 0.198225864510915 
 0.274088580123779 
 0.138282947891757 
 0.130485495323411 
 0.130444883591284 
 0.121266632130627 
 0.101448106852748 
 0.094625335855446 
 0.098686509068126 
 9.58842995513768E-02 
 0.097265098443688 
 0.097265098443688 
 0.114809366722466 
 0.135034009321613 
 0.132597305394005 
 0.134546668536091 
 0.129754484145129 
 0.113509791294408 
 0.139826193712575 
 0.166305043059249 
 0.156436392152437 
 0.198997487421324 
 0.198185252778788 
 0.184052369998661 
 0.17239680287827 
 0.16439629164929 
 0.17747326939412 
 0.17747326939412 
 0.17747326939412 
 0.17747326939412 
 0.402624712305103 
 0.158385755294523 
