 1.44171649050143E-02 
 4.17488606263513E-02 
 0.065263053527769 
 7.82588078083452E-02 
 9.36100425522759E-02 
 9.36100425522759E-02 
 9.71838749794344E-02 
 0.104169092905244 
 0.113915908615676 
 0.329564206208989 
 0.242858158118269 
 0.152903171457405 
 0.155745992706281 
 0.139298241194927 
 0.117367905846454 
 0.121429079059134 
 0.126099428253717 
 0.120413785755964 
 0.115540377900748 
 0.112291439330604 
 0.107418031475388 
 0.107418031475388 
 9.5437570497982E-03 
 9.5437570497982E-03 
 3.87842041810948E-02 
 4.60943159639189E-02 
 4.60943159639189E-02 
 4.60943159639189E-02 
 3.14740923982706E-02 
 9.5437570497982E-03 
 9.5437570497982E-03 
 9.5437570497982E-03 
 9.5437570497982E-03 
 9.5437570497982E-03 
 9.5437570497982E-03 
 9.5437570497982E-03 
 9.5437570497982E-03 
 9.5437570497982E-03 
 9.5437570497982E-03 
 4.60943159639189E-02 
 4.60943159639189E-02 
 4.60943159639189E-02 
 4.60943159639189E-02 
 2.41639806154465E-02 
 9.5437570497982E-03 
 9.5437570497982E-03 
 9.5437570497982E-03 
 9.5437570497982E-03 
 9.5437570497982E-03 
 9.5437570497982E-03 
 9.5437570497982E-03 
 9.5437570497982E-03 
 3.87842041810948E-02 
 4.60943159639189E-02 
 4.60943159639189E-02 
 4.60943159639189E-02 
 3.14740923982706E-02 
 9.5437570497982E-03 
 9.5437570497982E-03 
 9.5437570497982E-03 
 9.5437570497982E-03 
 9.5437570497982E-03 
 9.5437570497982E-03 
 9.5437570497982E-03 
 9.5437570497982E-03 
 9.5437570497982E-03 
 9.5437570497982E-03 
 9.5437570497982E-03 
 2.41639806154465E-02 
 4.60943159639189E-02 
 4.60943159639189E-02 
 4.60943159639189E-02 
 4.60943159639189E-02 
 9.5437570497982E-03 
 9.5437570497982E-03 
 9.5437570497982E-03 
 9.5437570497982E-03 
 9.5437570497982E-03 
 9.5437570497982E-03 
 9.5437570497982E-03 
 9.5437570497982E-03 
 9.5437570497982E-03 
 9.5437570497982E-03 
 9.5437570497982E-03 
 9.5437570497982E-03 
 9.5437570497982E-03 
 3.87842041810948E-02 
 4.60943159639189E-02 
 4.60943159639189E-02 
 4.60943159639189E-02 
 3.14740923982706E-02 
 9.5437570497982E-03 
 5.92931289051292E-02 
 5.92931289051292E-02 
 0.149248115565993 
 0.356692843269692 
 0.391700156362994 
 0.401446972073426 
 0.442870938842763 
 0.273601239338257 
 4.00025561448988E-02 
 7.16797072038035E-02 
 7.16797072038035E-02 
 7.28980591676075E-02 
 7.47255871133135E-02 
 3.37077376652447E-02 
 1.94936314208644E-02 
 1.94936314208644E-02 
 0.289358591403456 
 1.94936314208644E-02 
 9.5437570497982E-03 
 9.5437570497982E-03 
 9.5437570497982E-03 
 9.5437570497982E-03 
 9.5437570497982E-03 
 9.5437570497982E-03 
 9.5437570497982E-03 
 9.5437570497982E-03 
 9.5437570497982E-03 
 9.5437570497982E-03 
 9.5437570497982E-03 
 9.5437570497982E-03 
 4.60943159639189E-02 
 4.60943159639189E-02 
 4.60943159639189E-02 
 4.60943159639189E-02 
 2.41639806154465E-02 
 9.5437570497982E-03 
 9.5437570497982E-03 
 9.5437570497982E-03 
 9.5437570497982E-03 
 9.5437570497982E-03 
 9.5437570497982E-03 
 9.5437570497982E-03 
 9.5437570497982E-03 
 9.5437570497982E-03 
 9.5437570497982E-03 
 3.14740923982706E-02 
 4.60943159639189E-02 
 4.60943159639189E-02 
 4.60943159639189E-02 
 3.87842041810948E-02 
 9.5437570497982E-03 
 9.5437570497982E-03 
 9.5437570497982E-03 
 9.5437570497982E-03 
 9.5437570497982E-03 
 9.5437570497982E-03 
 9.5437570497982E-03 
 9.5437570497982E-03 
 9.5437570497982E-03 
 9.5437570497982E-03 
 9.5437570497982E-03 
 2.41639806154465E-02 
 4.60943159639189E-02 
 4.60943159639189E-02 
 4.60943159639189E-02 
 4.60943159639189E-02 
 9.5437570497982E-03 
 9.5437570497982E-03 
 9.5437570497982E-03 
 9.5437570497982E-03 
 9.5437570497982E-03 
 9.5437570497982E-03 
 9.5437570497982E-03 
 9.5437570497982E-03 
 1.68538688326223E-02 
 4.60943159639189E-02 
 4.60943159639189E-02 
 4.60943159639189E-02 
 4.60943159639189E-02 
 1.68538688326224E-02 
 9.5437570497982E-03 
 9.5437570497982E-03 
 9.5437570497982E-03 
 9.5437570497982E-03 
 9.5437570497982E-03 
 9.5437570497982E-03 
 9.5437570497982E-03 
 9.5437570497982E-03 
 9.5437570497982E-03 
 2.41639806154465E-02 
 4.60943159639189E-02 
 4.60943159639189E-02 
 4.60943159639189E-02 
 4.60943159639189E-02 
 9.5437570497982E-03 
 9.5437570497982E-03 
 9.5437570497982E-03 
 9.5437570497982E-03 
 9.5437570497982E-03 
 9.5437570497982E-03 
 9.5437570497982E-03 
 9.5437570497982E-03 
 9.5437570497982E-03 
 9.5437570497982E-03 
 9.5437570497982E-03 
 9.5437570497982E-03 
 1.68538688326223E-02 
 4.60943159639189E-02 
 5.60441903349852E-02 
 5.65315311205068E-02 
 5.84808942625932E-02 
 2.92404471312966E-02 
 2.19303353484725E-02 
 2.19303353484725E-02 
 0.295856468543744 
 2.19303353484725E-02 
 1.94936314208644E-02 
 1.88844554389624E-02 
 2.41639806154465E-02 
 4.60943159639189E-02 
 7.53347630952156E-02 
 0.087274612340495 
 0.107255584546881 
 0.108230266117924 
 9.36100425522759E-02 
 6.14455507078497E-02 
 7.16797072038035E-02 
 7.16797072038035E-02 
 6.20141149576249E-02 
 0.047515726588357 
 0.137470713249221 
 0.227425699910085 
 2.70474135964494E-02 
 1.33612598697175E-02 
 1.05184386208414E-02 
 1.09245559421094E-02 
 3.10679750770026E-02 
 5.88463998517344E-02 
 6.51818300635154E-02 
 5.54350143530831E-02 
 0.322863270408067 
 1.64477515113543E-02 
 1.88844554389624E-02 
 1.94936314208644E-02 
 1.94936314208644E-02 
 2.43264275439537E-02 
 4.36576120363109E-02 
 4.36576120363109E-02 
 4.36576120363109E-02 
 5.90088467802416E-02 
 0.371516125495974 
 0.09888956772876 
 8.92239754825814E-02 
 5.42572741214059E-02 
 4.17082488942245E-02 
 6.59128412417978E-02 
 8.73152240726218E-02 
 7.35072351495095E-02 
 8.65029894300858E-02 
 0.098686509068126 
 7.75684083621896E-02 
 0.101123212995734 
 9.68995928545468E-02 
 9.94987437106621E-02 
 0.10904250076046 
 9.34069838916419E-02 
 0.110463911384898 
 9.36100425522759E-02 
 0.113469179562282 
 0.109326782885348 
 8.02081709504317E-02 
 5.42166623892791E-02 
 5.42166623892791E-02 
 7.36696820780167E-02 
 0.102991352673567 
 0.110260852724264 
 0.105062551012034 
 0.105062551012034 
 0.114322025936944 
 0.122281925433797 
 0.10904250076046 
 9.77930509613364E-02 
 0.10193544763827 
 0.107214972814754 
 9.30008665703739E-02 
 9.23916905884719E-02 
 7.37102938101435E-02 
 5.82778356019592E-02 
 4.52820813213829E-02 
 5.74656009594232E-02 
 6.72124166698554E-02 
 7.01364613829851E-02 
 7.24513301142127E-02 
 7.47661988454403E-02 
 0.103356858262708 
 0.1009201543351 
