 1.09651676742362E-02 
 1.09651676742362E-02 
 1.09651676742362E-02 
 1.09651676742362E-02 
 1.09651676742362E-02 
 1.09651676742362E-02 
 1.09651676742362E-02 
 1.09651676742362E-02 
 1.09651676742362E-02 
 1.09651676742362E-02 
 1.09651676742362E-02 
 1.09651676742362E-02 
 1.09651676742362E-02 
 1.09651676742362E-02 
 1.09651676742362E-02 
 1.09651676742362E-02 
 1.09651676742362E-02 
 1.09651676742362E-02 
 1.09651676742362E-02 
 1.09651676742362E-02 
 3.55758773430775E-02 
 5.19830171223051E-02 
 5.19830171223051E-02 
 0.01916873756385 
 1.09651676742362E-02 
 1.09651676742362E-02 
 1.09651676742362E-02 
 1.09651676742362E-02 
 1.09651676742362E-02 
 1.09651676742362E-02 
 1.09651676742362E-02 
 1.09651676742362E-02 
 1.09651676742362E-02 
 1.09651676742362E-02 
 0.01916873756385 
 5.19830171223051E-02 
 5.19830171223051E-02 
 3.55758773430775E-02 
 1.09651676742362E-02 
 1.09651676742362E-02 
 1.09651676742362E-02 
 1.09651676742362E-02 
 1.09651676742362E-02 
 1.09651676742362E-02 
 1.09651676742362E-02 
 1.09651676742362E-02 
 1.09651676742362E-02 
 1.09651676742362E-02 
 1.09651676742362E-02 
 3.55758773430775E-02 
 5.19830171223051E-02 
 5.19830171223051E-02 
 0.01916873756385 
 1.09651676742362E-02 
 1.09651676742362E-02 
 1.09651676742362E-02 
 1.09651676742362E-02 
 1.09651676742362E-02 
 1.09651676742362E-02 
 1.09651676742362E-02 
 1.09651676742362E-02 
 1.09651676742362E-02 
 1.09651676742362E-02 
 1.09651676742362E-02 
 1.09651676742362E-02 
 1.09651676742362E-02 
 0.01916873756385 
 5.19830171223051E-02 
 5.19830171223051E-02 
 3.55758773430775E-02 
 1.09651676742362E-02 
 1.09651676742362E-02 
 1.09651676742362E-02 
 1.09651676742362E-02 
 1.09651676742362E-02 
 1.09651676742362E-02 
 1.09651676742362E-02 
 1.09651676742362E-02 
 0.02119932417019 
 4.30484360544089E-02 
 0.01916873756385 
 5.19830171223051E-02 
 5.19830171223051E-02 
 3.55758773430775E-02 
 1.09651676742362E-02 
 1.09651676742362E-02 
 1.09651676742362E-02 
 1.09651676742362E-02 
 1.09651676742362E-02 
 1.09651676742362E-02 
 1.38079889231123E-02 
 3.65505589141208E-02 
 4.22362014118729E-02 
 1.04481803242621 
 5.04397713014866E-02 
 8.32540508599417E-02 
 8.32540508599417E-02 
 6.68469110807142E-02 
 4.22362014118729E-02 
 0.308567940699433 
 4.05305086625472E-02 
 3.93933801629968E-02 
 3.93933801629968E-02 
 3.93933801629968E-02 
 3.93933801629968E-02 
 3.93933801629968E-02 
 4.16676371620977E-02 
 0.308567940699433 
 4.22362014118729E-02 
 4.22362014118729E-02 
 4.22362014118729E-02 
 5.04397713014866E-02 
 8.32540508599417E-02 
 8.97519280002299E-02 
 6.68469110807142E-02 
 4.22362014118729E-02 
 4.22362014118729E-02 
 4.22362014118729E-02 
 0.039961944412772 
 3.93933801629968E-02 
 3.93933801629968E-02 
 3.93933801629968E-02 
 3.93933801629968E-02 
 3.93933801629968E-02 
 0.28257643213828 
 0.444698466788469 
 0.416270254299709 
 0.416270254299709 
 0.457288103747777 
 0.457288103747777 
 0.449084533858164 
 0.416270254299709 
 0.416270254299709 
 0.416270254299709 
 0.416270254299709 
 0.416270254299709 
 0.173087202324425 
 1.09651676742362E-02 
 1.09651676742362E-02 
 1.09651676742362E-02 
 1.09651676742362E-02 
 1.09651676742362E-02 
 4.37794472326913E-02 
 5.19830171223051E-02 
 5.19830171223051E-02 
 1.09651676742362E-02 
 1.09651676742362E-02 
 1.09651676742362E-02 
 1.09651676742362E-02 
 1.09651676742362E-02 
 1.09651676742362E-02 
 1.09651676742362E-02 
 1.09651676742362E-02 
 1.09651676742362E-02 
 1.09651676742362E-02 
 1.09651676742362E-02 
 1.09651676742362E-02 
 1.09651676742362E-02 
 1.09651676742362E-02 
 0.01916873756385 
 5.19830171223051E-02 
 5.19830171223051E-02 
 3.55758773430775E-02 
 1.09651676742362E-02 
 1.09651676742362E-02 
 1.09651676742362E-02 
 1.09651676742362E-02 
 1.09651676742362E-02 
 1.09651676742362E-02 
 1.09651676742362E-02 
 1.09651676742362E-02 
 1.09651676742362E-02 
 1.09651676742362E-02 
 0.01916873756385 
 5.19830171223051E-02 
 5.19830171223051E-02 
 3.55758773430775E-02 
 1.09651676742362E-02 
 1.09651676742362E-02 
 1.09651676742362E-02 
 1.09651676742362E-02 
 1.09651676742362E-02 
 1.09651676742362E-02 
 1.09651676742362E-02 
 3.93933801629968E-02 
 3.93933801629968E-02 
 4.47541288037345E-02 
 4.60943159639189E-02 
 8.25636514137861E-02 
 0.102341564959538 
 0.102341564959538 
 6.13237155114693E-02 
 6.13237155114693E-02 
 6.13237155114693E-02 
 6.13237155114693E-02 
 6.13237155114693E-02 
 6.13237155114693E-02 
 6.13237155114693E-02 
 7.35072351495095E-02 
 7.35072351495095E-02 
 0.069730344061717 
 7.46849753811867E-02 
 6.61158999024318E-02 
 6.17298328327373E-02 
 8.57313665196766E-02 
 0.102138506298904 
 8.99549866608639E-02 
 8.45536262879993E-02 
 5.69782601739016E-02 
 0.287328004797116 
 0.284079066226972 
 0.298821124989001 
 0.318802097195387 
 0.318233532945611 
 0.315959275946511 
 7.61469977377516E-02 
 7.09080842933943E-02 
 4.88559137485414E-02 
 0.177148375537105 
 8.83305173757918E-02 
 8.83305173757918E-02 
 6.31106317250485E-02 
 4.42667880182129E-02 
 4.42667880182129E-02 
 4.42667880182129E-02 
 0.050764665158501 
 6.00647518155384E-02 
 7.91928776472616E-02 
 0.375211793119513 
 0.454567117695282 
 0.453998553445507 
 0.517027961706302 
 0.428859891259017 
 0.469877740707086 
 0.469877740707086 
 0.461674170817472 
 0.428859891259017 
 0.428859891259017 
 0.443480114824665 
 0.446729053394809 
 0.14522755408544 
 5.88057881196076E-02 
 0.115215484043734 
 5.46227797105471E-02 
 5.46227797105471E-02 
 5.40136037286451E-02 
 5.15768998010371E-02 
 5.15768998010371E-02 
 6.61971233666854E-02 
 0.904179604071094 
 1.28284339442138 
 0.648366303404376 
 0.664610996255096 
 0.691658409851545 
 0.399213326806452 
 0.209556537774292 
 0.205535976293739 
 0.173005978860172 
 0.173005978860172 
 0.173005978860172 
 0.177067152072852 
 0.1815344426068 
 0.165858314005855 
 0.194530196887376 
 0.188438437068356 
 0.153106230118039 
 0.174021272163342 
 0.18762620242582 
 0.177513881126246 
 0.216501143967975 
 0.239406160887491 
 0.257681440344551 
 0.206591881329036 
 0.216663590896482 
 0.228847110534523 
 0.228847110534523 
 0.219100294824091 
 0.193921020905474 
 0.156152110027549 
 0.175645741448414 
 1.09651676742362E-02 
 1.09651676742362E-02 
 1.09651676742362E-02 
 1.09651676742362E-02 
 4.48759640001149E-02 
 7.54159865594692E-02 
 1.09651676742362E-02 
 1.09651676742362E-02 
