 1.13712849955042E-02 
 1.13712849955042E-02 
 1.13712849955042E-02 
 1.13712849955042E-02 
 1.13712849955042E-02 
 1.13712849955042E-02 
 1.13712849955042E-02 
 1.13712849955042E-02 
 1.13712849955042E-02 
 1.13712849955042E-02 
 1.13712849955042E-02 
 1.13712849955042E-02 
 1.13712849955042E-02 
 1.13712849955042E-02 
 1.13712849955042E-02 
 1.13712849955042E-02 
 1.13712849955042E-02 
 1.13712849955042E-02 
 1.13712849955042E-02 
 1.13712849955042E-02 
 1.13712849955042E-02 
 1.13712849955042E-02 
 1.13712849955042E-02 
 1.13712849955042E-02 
 1.13712849955042E-02 
 1.13712849955042E-02 
 1.13712849955042E-02 
 1.13712849955042E-02 
 1.13712849955042E-02 
 1.13712849955042E-02 
 1.13712849955042E-02 
 1.13712849955042E-02 
 1.13712849955042E-02 
 1.13712849955042E-02 
 1.13712849955042E-02 
 1.13712849955042E-02 
 1.13712849955042E-02 
 1.13712849955042E-02 
 1.13712849955042E-02 
 1.13712849955042E-02 
 1.13712849955042E-02 
 1.13712849955042E-02 
 1.13712849955042E-02 
 1.13712849955042E-02 
 1.13712849955042E-02 
 1.13712849955042E-02 
 1.13712849955042E-02 
 1.13712849955042E-02 
 1.13712849955042E-02 
 1.13712849955042E-02 
 1.13712849955042E-02 
 1.13712849955042E-02 
 1.13712849955042E-02 
 1.13712849955042E-02 
 1.13712849955042E-02 
 1.13712849955042E-02 
 1.13712849955042E-02 
 1.13712849955042E-02 
 1.13712849955042E-02 
 1.13712849955042E-02 
 1.13712849955042E-02 
 1.13712849955042E-02 
 1.13712849955042E-02 
 1.13712849955042E-02 
 1.13712849955042E-02 
 1.13712849955042E-02 
 1.13712849955042E-02 
 1.13712849955042E-02 
 1.13712849955042E-02 
 1.13712849955042E-02 
 1.13712849955042E-02 
 1.13712849955042E-02 
 1.13712849955042E-02 
 1.13712849955042E-02 
 1.13712849955042E-02 
 1.13712849955042E-02 
 1.13712849955042E-02 
 1.13712849955042E-02 
 1.13712849955042E-02 
 1.13712849955042E-02 
 1.13712849955042E-02 
 1.13712849955042E-02 
 1.13712849955042E-02 
 1.13712849955042E-02 
 1.13712849955042E-02 
 1.13712849955042E-02 
 1.13712849955042E-02 
 1.13712849955042E-02 
 1.13712849955042E-02 
 1.13712849955042E-02 
 1.13712849955042E-02 
 1.13712849955042E-02 
 1.13712849955042E-02 
 1.13712849955042E-02 
 1.13712849955042E-02 
 1.13712849955042E-02 
 1.13712849955042E-02 
 1.13712849955042E-02 
 1.13712849955042E-02 
 1.13712849955042E-02 
 1.13712849955042E-02 
 1.13712849955042E-02 
 1.13712849955042E-02 
 1.13712849955042E-02 
 1.13712849955042E-02 
 1.13712849955042E-02 
 1.13712849955042E-02 
 1.13712849955042E-02 
 1.13712849955042E-02 
 1.13712849955042E-02 
 1.13712849955042E-02 
 1.13712849955042E-02 
 1.13712849955042E-02 
 1.13712849955042E-02 
 1.13712849955042E-02 
 1.13712849955042E-02 
 1.13712849955042E-02 
 1.13712849955042E-02 
 1.13712849955042E-02 
 1.13712849955042E-02 
 1.13712849955042E-02 
 1.13712849955042E-02 
 1.38079889231123E-02 
 1.38079889231123E-02 
 1.38079889231123E-02 
 1.38079889231123E-02 
 1.38079889231123E-02 
 1.38079889231123E-02 
 5.32825925503627E-02 
 2.69661901321958E-02 
 0.221130881430431 
 0.221130881430431 
 0.221130881430431 
 0.221130881430431 
 0.218694177502822 
 0.342478737025311 
 1.13712849955042E-02 
 1.13712849955042E-02 
 1.13712849955042E-02 
 1.13712849955042E-02 
 1.13712849955042E-02 
 1.13712849955042E-02 
 1.13712849955042E-02 
 1.13712849955042E-02 
 1.13712849955042E-02 
 1.13712849955042E-02 
 1.13712849955042E-02 
 1.13712849955042E-02 
 0.218694177502822 
 0.218694177502822 
 0.218694177502822 
 0.218694177502822 
 0.220724764109163 
 0.228847110534523 
 1.13712849955042E-02 
 1.13712849955042E-02 
 1.13712849955042E-02 
 1.13712849955042E-02 
 1.13712849955042E-02 
 1.13712849955042E-02 
 1.13712849955042E-02 
 1.13712849955042E-02 
 1.13712849955042E-02 
 1.13712849955042E-02 
 1.13712849955042E-02 
 1.13712849955042E-02 
 1.13712849955042E-02 
 1.13712849955042E-02 
 0.246391378813301 
 1.13712849955042E-02 
 1.13712849955042E-02 
 1.68944805647491E-02 
 1.82752794570604E-02 
 1.82752794570604E-02 
 1.82752794570604E-02 
 1.82752794570604E-02 
 1.82752794570604E-02 
 1.82752794570604E-02 
 1.82752794570604E-02 
 1.82752794570604E-02 
 1.82752794570604E-02 
 0.174955342002258 
 9.66153107296592E-02 
 1.82752794570604E-02 
 1.82752794570604E-02 
 1.68944805647491E-02 
 1.55136816724379E-02 
 1.82752794570604E-02 
 1.82752794570604E-02 
 1.82752794570604E-02 
 1.82752794570604E-02 
 1.82752794570604E-02 
 1.82752794570604E-02 
 1.82752794570604E-02 
 0.257356546487537 
 1.82752794570604E-02 
 1.82752794570604E-02 
 2.49762152579825E-02 
 1.82752794570604E-02 
 1.82752794570604E-02 
 1.82752794570604E-02 
 1.13712849955042E-02 
 1.13712849955042E-02 
 1.13712849955042E-02 
 1.28333073520691E-02 
 1.38079889231123E-02 
 1.38079889231123E-02 
 1.38079889231123E-02 
 1.38079889231123E-02 
 3.28142795584551E-02 
 0.280505233799813 
 4.54851399820169E-02 
 4.54851399820169E-02 
 4.54851399820169E-02 
 6.74154753304894E-02 
 0.102422788423792 
 0.551344875353448 
 0.669078286789044 
 0.668631557735649 
 0.670093580092214 
 0.34796132086243 
 0.271489429267664 
 0.271489429267664 
 0.267428256054984 
 0.267428256054984 
 0.267428256054984 
 0.267428256054984 
 0.267428256054984 
 2.59915085611525E-02 
 2.59915085611525E-02 
 0.184499099052056 
 6.01053635476652E-02 
 9.00362101251175E-02 
 9.45035006590656E-02 
 8.73152240726218E-02 
 0.101691777245509 
 8.73152240726218E-02 
 0.322335317890418 
 0.101691777245509 
 8.73152240726218E-02 
 0.101691777245509 
 0.215445238932678 
 9.51939001052212E-02 
 7.47255871133135E-02 
 7.47255871133135E-02 
 7.47255871133135E-02 
 7.87867603259936E-02 
 0.106199679511584 
 0.106199679511584 
 0.125693310932449 
 0.125490252271815 
 0.120616844416599 
 0.123053548344207 
 0.148638939584091 
 0.152375218939757 
 0.150060350208529 
 0.129185919895353 
 0.120007668434696 
 0.11919543379216 
 0.123459665665475 
 0.116555671203918 
 0.131906905947849 
 0.144577766371411 
 0.115296707507988 
 0.105387444869048 
 0.106199679511584 
 1.13712849955042E-02 
 1.13712849955042E-02 
 1.13712849955042E-02 
 1.13712849955042E-02 
 1.13712849955042E-02 
 1.13712849955042E-02 
 1.13712849955042E-02 
 1.13712849955042E-02 
 1.13712849955042E-02 
 1.13712849955042E-02 
 1.13712849955042E-02 
 1.13712849955042E-02 
 1.13712849955042E-02 
 1.13712849955042E-02 
 1.13712849955042E-02 
 1.13712849955042E-02 
 1.13712849955042E-02 
 1.13712849955042E-02 
 1.13712849955042E-02 
 1.13712849955042E-02 
 1.13712849955042E-02 
 1.13712849955042E-02 
