 3.37077376652447E-02 
 0.05852150599472 
 5.78717182806912E-02 
 5.29983104254751E-02 
 5.29983104254751E-02 
 0.105793562190316 
 0.284079066226972 
 0.211587124380632 
 0.125693310932449 
 0.103356858262708 
 6.59940647060514E-02 
 8.06142882716997E-02 
 0.098483450407492 
 0.106605796832852 
 0.115540377900748 
 0.117977081828356 
 0.140679040087238 
 0.163177939685486 
 0.17747326939412 
 0.17747326939412 
 0.158954319544298 
 0.131175894769567 
 0.143359414407607 
 0.137673771909855 
 0.123053548344207 
 0.108433324778558 
 0.09787427442559 
 0.114931201918846 
 0.114931201918846 
 0.138161112695376 
 0.126952274628379 
 0.147745481477301 
 0.167239112898166 
 0.17747326939412 
 0.17747326939412 
 0.17747326939412 
 1.09651676742362E-02 
 1.09651676742362E-02 
 1.09651676742362E-02 
 1.09651676742362E-02 
 1.09651676742362E-02 
 1.09651676742362E-02 
 1.09651676742362E-02 
 1.09651676742362E-02 
 1.09651676742362E-02 
 1.09651676742362E-02 
 1.09651676742362E-02 
 1.09651676742362E-02 
 1.09651676742362E-02 
 1.09651676742362E-02 
 1.09651676742362E-02 
 2.46107096688413E-02 
 4.50790226607489E-02 
 4.50790226607489E-02 
 4.50790226607489E-02 
 4.50790226607489E-02 
 1.09651676742362E-02 
 1.09651676742362E-02 
 1.09651676742362E-02 
 1.09651676742362E-02 
 1.09651676742362E-02 
 1.09651676742362E-02 
 1.09651676742362E-02 
 1.09651676742362E-02 
 1.09651676742362E-02 
 1.09651676742362E-02 
 1.09651676742362E-02 
 1.09651676742362E-02 
 1.09651676742362E-02 
 1.09651676742362E-02 
 3.14334806661438E-02 
 4.50790226607489E-02 
 4.50790226607489E-02 
 4.50790226607489E-02 
 3.82562516634464E-02 
 1.09651676742362E-02 
 1.09651676742362E-02 
 1.09651676742362E-02 
 1.09651676742362E-02 
 1.09651676742362E-02 
 1.09651676742362E-02 
 1.09651676742362E-02 
 1.09651676742362E-02 
 1.09651676742362E-02 
 2.02246425991468E-02 
 6.78215926517574E-02 
 0.143359414407607 
 0.147014470299019 
 0.165452196684587 
 0.138404783088137 
 0.121591525987642 
 0.104372151565878 
 0.095437570497982 
 8.81274587151578E-02 
 8.81274587151578E-02 
 8.97519280002299E-02 
 0.109570453278109 
 0.110870028706166 
 0.118667481274512 
 0.12719594502114 
 4.50790226607489E-02 
 4.50790226607489E-02 
 3.14334806661439E-02 
 1.09651676742362E-02 
 1.09651676742362E-02 
 1.09651676742362E-02 
 1.09651676742362E-02 
 1.09651676742362E-02 
 1.09651676742362E-02 
 1.09651676742362E-02 
 1.09651676742362E-02 
 1.09651676742362E-02 
 1.09651676742362E-02 
 1.09651676742362E-02 
 1.09651676742362E-02 
 1.09651676742362E-02 
 1.09651676742362E-02 
 1.09651676742362E-02 
 1.77879386715388E-02 
 4.50790226607489E-02 
 4.50790226607489E-02 
 4.50790226607489E-02 
 4.50790226607489E-02 
 1.77879386715388E-02 
 1.09651676742362E-02 
 1.09651676742362E-02 
 1.09651676742362E-02 
 1.09651676742362E-02 
 1.09651676742362E-02 
 1.09651676742362E-02 
 1.09651676742362E-02 
 1.09651676742362E-02 
 1.09651676742362E-02 
 1.09651676742362E-02 
 1.09651676742362E-02 
 1.09651676742362E-02 
 1.09651676742362E-02 
 1.09651676742362E-02 
 1.09651676742362E-02 
 1.09651676742362E-02 
 1.09651676742362E-02 
 3.82562516634464E-02 
 4.50790226607489E-02 
 4.50790226607489E-02 
 4.50790226607489E-02 
 3.14334806661439E-02 
 1.09651676742362E-02 
 1.09651676742362E-02 
 1.09651676742362E-02 
 1.09651676742362E-02 
 1.09651676742362E-02 
 1.09651676742362E-02 
 1.09651676742362E-02 
 1.09651676742362E-02 
 1.09651676742362E-02 
 1.09651676742362E-02 
 1.09651676742362E-02 
 1.09651676742362E-02 
 1.09651676742362E-02 
 1.09651676742362E-02 
 1.09651676742362E-02 
 4.50790226607489E-02 
 4.50790226607489E-02 
 4.50790226607489E-02 
 4.50790226607489E-02 
 2.46107096688413E-02 
 1.09651676742362E-02 
 1.09651676742362E-02 
 1.09651676742362E-02 
 1.09651676742362E-02 
 1.09651676742362E-02 
 1.09651676742362E-02 
 1.09651676742362E-02 
 1.09651676742362E-02 
 1.09651676742362E-02 
 1.09651676742362E-02 
 1.09651676742362E-02 
 1.09651676742362E-02 
 1.09651676742362E-02 
 1.09651676742362E-02 
 1.09651676742362E-02 
 1.09651676742362E-02 
 1.09651676742362E-02 
 1.77879386715388E-02 
 0.097265098443688 
 0.334234555403571 
 4.50790226607489E-02 
 4.50790226607489E-02 
 6.99740144544778E-02 
 6.31512434571753E-02 
 6.31512434571753E-02 
 6.31512434571753E-02 
 6.31512434571753E-02 
 6.31512434571753E-02 
 6.31512434571753E-02 
 6.31512434571753E-02 
 6.31512434571753E-02 
 6.31512434571753E-02 
 6.31512434571753E-02 
 6.31512434571753E-02 
 6.31512434571753E-02 
 6.31512434571753E-02 
 6.36385842426969E-02 
 6.55879473847834E-02 
 6.55879473847834E-02 
 6.55879473847834E-02 
 9.28790313739935E-02 
 9.97018023712961E-02 
 0.10396603424461 
 0.106808855493486 
 9.31633134988811E-02 
 7.26950005069735E-02 
 0.194530196887376 
 7.26950005069735E-02 
 7.22076597214519E-02 
 7.02582965793654E-02 
 7.02582965793654E-02 
 7.02582965793654E-02 
 7.24919418463395E-02 
 7.29792826318611E-02 
 9.23916905884719E-02 
 9.92144615857744E-02 
 0.10904250076046 
 0.10193544763827 
 6.37198077069505E-02 
 4.32514947150429E-02 
 4.32514947150429E-02 
 4.81655143023858E-02 
 6.78215926517574E-02 
 6.78215926517574E-02 
 6.78215926517574E-02 
 6.73342518662358E-02 
 6.44914306173597E-02 
 0.066887522812841 
 7.24919418463395E-02 
 7.24919418463395E-02 
 9.34475956237687E-02 
 0.118789316470892 
 0.118789316470892 
 0.118789316470892 
 0.118789316470892 
 0.09685898112242 
 7.29792826318611E-02 
 5.70594836381552E-02 
 5.70594836381552E-02 
 5.70594836381552E-02 
 6.19328914933713E-02 
 8.71121654119878E-02 
 0.129998154537889 
 0.131785070751469 
 0.11919543379216 
 0.117733411435596 
 0.111885322009336 
 9.40161598735439E-02 
 8.67060480907198E-02 
 0.102382176691665 
 0.110666970045532 
 0.136658478606685 
 0.175239624127146 
 0.177635716322627 
 0.120616844416598 
 0.373912217691455 
 0.157776579312621 
 0.1736557665742 
 0.168538688326223 
 0.162974881024852 
 0.181737501267434 
 0.38134416467066 
 0.388654276453484 
 0.38134416467066 
 0.42691052811693 
 0.429672125901553 
 0.421955896797461 
 0.17036621627193 
 0.135602573571388 
 0.130566718787665 
 0.130566718787665 
 0.154527640742477 
 0.148638939584091 
 0.153918464760575 
 0.120698067880852 
 0.110870028706166 
 0.11411896727631 
 0.355961832091409 
 0.116555671203918 
 0.120291950559584 
 0.125490252271815 
 0.118992375131526 
