 9.13763972853019E-03 
 9.13763972853019E-03 
 9.13763972853019E-03 
 9.13763972853019E-03 
 9.13763972853019E-03 
 9.13763972853019E-03 
 9.13763972853019E-03 
 9.13763972853019E-03 
 9.13763972853019E-03 
 9.13763972853019E-03 
 9.13763972853019E-03 
 9.13763972853019E-03 
 9.13763972853019E-03 
 9.13763972853019E-03 
 9.13763972853019E-03 
 9.13763972853019E-03 
 9.13763972853019E-03 
 9.13763972853019E-03 
 9.13763972853019E-03 
 9.13763972853019E-03 
 9.13763972853019E-03 
 9.13763972853019E-03 
 9.13763972853019E-03 
 9.13763972853019E-03 
 9.13763972853019E-03 
 9.13763972853019E-03 
 9.13763972853019E-03 
 9.13763972853019E-03 
 9.13763972853019E-03 
 9.13763972853019E-03 
 9.13763972853019E-03 
 9.13763972853019E-03 
 9.13763972853019E-03 
 9.13763972853019E-03 
 9.13763972853019E-03 
 9.13763972853019E-03 
 9.13763972853019E-03 
 9.13763972853019E-03 
 9.13763972853019E-03 
 9.13763972853019E-03 
 9.13763972853019E-03 
 9.13763972853019E-03 
 9.13763972853019E-03 
 9.13763972853019E-03 
 9.13763972853019E-03 
 9.13763972853019E-03 
 9.13763972853019E-03 
 9.13763972853019E-03 
 9.13763972853019E-03 
 9.13763972853019E-03 
 9.13763972853019E-03 
 9.13763972853019E-03 
 9.13763972853019E-03 
 9.13763972853019E-03 
 9.13763972853019E-03 
 9.13763972853019E-03 
 9.13763972853019E-03 
 9.13763972853019E-03 
 9.13763972853019E-03 
 9.13763972853019E-03 
 9.13763972853019E-03 
 9.13763972853019E-03 
 9.13763972853019E-03 
 9.13763972853019E-03 
 9.13763972853019E-03 
 9.13763972853019E-03 
 9.13763972853019E-03 
 9.13763972853019E-03 
 9.13763972853019E-03 
 9.13763972853019E-03 
 9.13763972853019E-03 
 9.13763972853019E-03 
 0.218572342306442 
 1.64477515113543E-02 
 2.13211593665704E-02 
 2.13211593665704E-02 
 0.159076154740679 
 0.710096136237113 
 0.714969544092329 
 0.722279655875153 
 0.584524660501044 
 3.83780868598268E-02 
 4.56881986426509E-02 
 4.56881986426509E-02 
 5.29983104254751E-02 
 5.99835283512848E-02 
 0.059333740637256 
 0.185879897944367 
 0.764515857287026 
 0.766952561214634 
 0.750707868363914 
 0.606454995849517 
 1.19642162845555 
 4.56881986426509E-02 
 4.56881986426509E-02 
 3.83780868598268E-02 
 1.18423810881751 
 3.35046790046107E-02 
 3.35046790046107E-02 
 3.35046790046107E-02 
 3.35046790046107E-02 
 0.171259674378719 
 0.722279655875153 
 0.722279655875153 
 9.13763972853019E-03 
 9.13763972853019E-03 
 9.13763972853019E-03 
 9.13763972853019E-03 
 9.13763972853019E-03 
 9.13763972853019E-03 
 9.13763972853019E-03 
 9.13763972853019E-03 
 0.697912616599072 
 0.560157621224964 
 9.13763972853019E-03 
 0.588463998517344 
 0.471502209992158 
 0.471502209992158 
 0.496681483910774 
 0.128901637770466 
 3.69566762353888E-02 
 0.587976657731823 
 0.725731653105931 
 0.725731653105931 
 0.725731653105931 
 0.174711671609497 
 3.69566762353888E-02 
 3.48448661647951E-02 
 3.43169136471467E-02 
 3.43169136471467E-02 
 3.43169136471467E-02 
 3.43169136471467E-02 
 3.43169136471467E-02 
 3.43169136471467E-02 
 3.53728186824435E-02 
 0.725731653105931 
 0.725731653105931 
 0.725731653105931 
 0.725731653105931 
 0.725731653105931 
 0.725731653105931 
 0.725731653105931 
 0.725731653105931 
 3.69566762353888E-02 
 3.80938047349392E-02 
 3.97994974842648E-02 
 0.038743592448968 
 3.71597348960228E-02 
 3.71597348960228E-02 
 3.71597348960228E-02 
 5.06834416942474E-02 
 5.96992462263972E-02 
 5.96992462263972E-02 
 5.96992462263972E-02 
 0.140922710479999 
 0.161228576543399 
 0.161228576543399 
 0.161228576543399 
 0.161228576543399 
 0.158954319544299 
 0.158385755294523 
 0.158385755294523 
 0.158385755294523 
 0.162406316775077 
 0.165086691095445 
 0.374521393673357 
 0.160050836311722 
 0.140963322212126 
 0.142547179765071 
 0.142547179765071 
 0.142547179765071 
 0.142547179765071 
 0.142547179765071 
 0.155055593260126 
 0.167726453683687 
 0.167726453683687 
 0.167726453683687 
 0.580991439806013 
 0.849800494753307 
 0.848744589718011 
 0.842652829898991 
 0.309826904395364 
 0.243751616225059 
 3.43169136471467E-02 
 2.92810588634234E-02 
 9.13763972853019E-03 
 1.44983883692679E-02 
 2.55853912398845E-02 
 0.227709982034972 
 1.58385755294523E-02 
 1.58385755294523E-02 
 1.58385755294523E-02 
 2.48543800616021E-02 
 3.83780868598268E-02 
 3.83780868598268E-02 
 3.83780868598268E-02 
 3.83780868598268E-02 
 3.83780868598268E-02 
 0.247812789437739 
 2.48543800616021E-02 
 1.44983883692679E-02 
 9.13763972853019E-03 
 1.56355168688183E-02 
 1.08433324778558E-02 
 3.21238801122995E-02 
 2.70880253285762E-02 
 1.19804609774062E-02 
 1.19804609774062E-02 
 1.19804609774062E-02 
 1.19804609774062E-02 
 1.19804609774062E-02 
 1.19804609774062E-02 
 1.19804609774062E-02 
 1.46608352977751E-02 
 1.86813967783284E-02 
 1.86813967783284E-02 
 0.048734078552161 
 0.357545689644355 
 0.430078243222821 
 0.430646807472596 
 0.432921064471697 
 0.892645872147082 
 0.741895122492398 
 0.50358547837233 
 0.505169335925276 
 0.046500433285187 
 0.046500433285187 
 0.046500433285187 
 4.11396846444493E-02 
 3.97994974842648E-02 
 3.97994974842648E-02 
 3.97994974842648E-02 
 3.97994974842648E-02 
 2.41639806154465E-02 
 0.448719028269023 
 0.723091890517689 
 0.926434833276581 
 0.697912616599072 
 0.422971190100631 
 0.700755437847948 
 0.700755437847948 
 0.702095625008133 
 0.779136080852674 
 4.52820813213829E-02 
 6.15267741721033E-02 
 6.15267741721033E-02 
 6.15267741721033E-02 
 6.39634780997113E-02 
 7.85837016653596E-02 
 6.46132658137401E-02 
 6.05114808689332E-02 
 5.80747769413252E-02 
 5.32013690861091E-02 
 5.88057881196076E-02 
 8.67466598228466E-02 
 0.103519305191215 
 0.198022805850281 
 0.345280946542061 
 0.823199810210253 
 0.805330648074461 
 0.805168201145953 
 0.672855177876836 
 0.126708604235619 
 0.163868339131641 
 0.226816523928183 
 0.256869205702015 
 0.174021272163342 
 0.563365948062981 
 0.827260983422933 
 0.853252491984086 
 0.855689195911694 
 0.432677394078936 
 0.157167403330719 
 0.157167403330719 
 0.156598839080944 
 0.164071397792275 
 0.160822459222131 
 0.222674127251249 
 0.291917130527444 
 0.150953808315319 
 0.143156355746973 
 0.138282947891757 
 0.124474958968645 
 0.116352612543284 
 0.391862603291501 
 0.807970410662703 
 0.810407114590311 
 0.782791136744086 
