 9.34069838916419E-03 
 0.302679239541047 
 4.30484360544089E-02 
 5.52319556924491E-02 
 8.16295815748697E-02 
 7.61469977377516E-02 
 8.60968721088178E-02 
 6.59940647060514E-02 
 9.01580453214979E-02 
 6.57910060454174E-02 
 5.92931289051292E-02 
 6.01053635476652E-02 
 5.27952517648411E-03 
 5.27952517648411E-03 
 5.27952517648411E-03 
 5.27952517648411E-03 
 5.27952517648411E-03 
 5.27952517648411E-03 
 5.27952517648411E-03 
 5.27952517648411E-03 
 5.27952517648411E-03 
 5.27952517648411E-03 
 5.27952517648411E-03 
 5.27952517648411E-03 
 5.27952517648411E-03 
 5.27952517648411E-03 
 5.27952517648411E-03 
 5.27952517648411E-03 
 5.27952517648411E-03 
 5.27952517648411E-03 
 5.27952517648411E-03 
 5.27952517648411E-03 
 5.27952517648411E-03 
 5.27952517648411E-03 
 5.27952517648411E-03 
 5.27952517648411E-03 
 5.27952517648411E-03 
 5.27952517648411E-03 
 5.27952517648411E-03 
 5.27952517648411E-03 
 5.27952517648411E-03 
 5.27952517648411E-03 
 5.27952517648411E-03 
 5.27952517648411E-03 
 5.27952517648411E-03 
 5.27952517648411E-03 
 5.27952517648411E-03 
 5.27952517648411E-03 
 5.27952517648411E-03 
 5.27952517648411E-03 
 5.27952517648411E-03 
 5.27952517648411E-03 
 5.27952517648411E-03 
 5.27952517648411E-03 
 5.27952517648411E-03 
 5.27952517648411E-03 
 5.27952517648411E-03 
 5.27952517648411E-03 
 5.27952517648411E-03 
 5.27952517648411E-03 
 5.27952517648411E-03 
 5.27952517648411E-03 
 5.27952517648411E-03 
 5.27952517648411E-03 
 5.27952517648411E-03 
 5.27952517648411E-03 
 5.27952517648411E-03 
 5.27952517648411E-03 
 5.27952517648411E-03 
 5.27952517648411E-03 
 5.27952517648411E-03 
 5.27952517648411E-03 
 5.27952517648411E-03 
 5.27952517648411E-03 
 5.27952517648411E-03 
 5.27952517648411E-03 
 5.27952517648411E-03 
 5.27952517648411E-03 
 1.64477515113543E-02 
 3.14334806661438E-02 
 9.08484447676535E-02 
 0.116393224275411 
 0.112697556651872 
 0.110260852724264 
 0.110870028706166 
 0.127926956199423 
 0.121307243862754 
 0.107214972814754 
 7.97614418970369E-02 
 7.87867603259936E-02 
 7.87867603259936E-02 
 7.99238888255441E-02 
 6.78215926517574E-02 
 6.43695954209793E-02 
 6.43695954209793E-02 
 5.21860757829391E-02 
 5.21860757829391E-02 
 4.35357768399305E-02 
 3.77689108779248E-02 
 4.36170003041841E-02 
 0.319086379320274 
 0.366602105908631 
 0.441855645539593 
 0.440718517040043 
 0.422565072779363 
 0.180965878357025 
 1.98997487421324E-02 
 1.98997487421324E-02 
 1.98997487421324E-02 
 1.98997487421324E-02 
 3.39107963258787E-02 
 4.20331427512389E-02 
 2.57884499005185E-02 
 2.57884499005185E-02 
 2.57884499005185E-02 
 0.027737813042605 
 2.82251538281266E-02 
 3.72815700924032E-02 
 5.11301707476423E-02 
 3.67536175747548E-02 
 5.11301707476423E-02 
 2.87124946136482E-02 
 3.08649164163686E-02 
 0.570473001185171 
 0.445510701431005 
 0.440515458379409 
 0.520926687990474 
 0.195383043262039 
 5.27952517648411E-03 
 5.27952517648411E-03 
 5.27952517648411E-03 
 5.27952517648411E-03 
 5.27952517648411E-03 
 5.27952517648411E-03 
 5.27952517648411E-03 
 5.27952517648411E-03 
 5.27952517648411E-03 
 5.27952517648411E-03 
 8.12234642536017E-03 
 5.27952517648411E-03 
 5.27952517648411E-03 
 5.27952517648411E-03 
 5.27952517648411E-03 
 5.27952517648411E-03 
 5.27952517648411E-03 
 5.27952517648411E-03 
 5.27952517648411E-03 
 9.99048610319301E-03 
 1.11682263348702E-02 
 2.09150420453024E-02 
 2.33517459729105E-02 
 4.52008578571293E-02 
 6.07145395295672E-02 
 6.07145395295672E-02 
 6.07145395295672E-02 
 0.046906550606455 
 2.61945672217865E-02 
 2.61945672217865E-02 
 3.35046790046107E-02 
 2.91186119349162E-02 
 4.08147907874349E-02 
 0.281236244978096 
 0.708999619469689 
 0.442342986325115 
 0.440637293575789 
 0.279571163960897 
 3.79719695385588E-02 
 3.79719695385588E-02 
 3.79719695385588E-02 
 3.79719695385588E-02 
 3.79719695385588E-02 
 6.03084222082992E-02 
 6.03084222082992E-02 
 6.03084222082992E-02 
 1.98997487421324E-02 
 1.98997487421324E-02 
 1.98997487421324E-02 
 1.98997487421324E-02 
 3.42763019150199E-02 
 1.98997487421324E-02 
 0.065466112188403 
 0.065466112188403 
 0.057100095370282 
 6.67656876164606E-02 
 5.23891344435731E-02 
 5.23891344435731E-02 
 9.45847241233191E-02 
 5.13332294082763E-02 
 5.27952517648411E-03 
 5.27952517648411E-03 
 5.27952517648411E-03 
 5.27952517648411E-03 
 5.27952517648411E-03 
 5.27952517648411E-03 
 5.27952517648411E-03 
 5.27952517648411E-03 
 5.27952517648411E-03 
 5.27952517648411E-03 
 5.27952517648411E-03 
 5.27952517648411E-03 
 2.76159778462246E-02 
 0.294313222722926 
 2.76159778462246E-02 
 2.76159778462246E-02 
 2.76159778462246E-02 
 2.76159778462246E-02 
 5.27952517648411E-03 
 2.76159778462246E-02 
 3.24081622371871E-02 
 3.59413829322187E-02 
 3.59413829322187E-02 
 3.49667013611755E-02 
 3.35046790046107E-02 
 2.90373884706626E-02 
 1.11682263348702E-02 
 2.16460532235848E-02 
 3.84999220562072E-02 
 4.02056148055328E-02 
 4.02056148055328E-02 
 4.02056148055328E-02 
 0.152172160279123 
 4.02056148055328E-02 
 4.02056148055328E-02 
 3.54946538788239E-02 
 3.43169136471467E-02 
 3.43169136471467E-02 
 0.243061216778903 
 0.243264275439537 
 0.242127146939987 
 0.240421454190661 
 0.240421454190661 
 0.240421454190661 
 0.240421454190661 
 0.240421454190661 
 0.240421454190661 
 0.240421454190661 
 0.240421454190661 
 0.248015848098373 
 8.43911793594921E-02 
 3.73627935566568E-02 
 3.73627935566568E-02 
 4.80842908381322E-02 
 5.19830171223051E-02 
 0.049546313194697 
 4.22362014118729E-02 
 3.73627935566568E-02 
 3.97994974842648E-02 
 0.049546313194697 
 7.79745256834576E-02 
 7.85837016653596E-02 
 0.104250316369498 
 0.117489741042835 
 0.143521861336114 
 0.158588813955157 
 0.173127814056552 
 0.176661034751584 
 0.178082445376022 
 0.19473325554801 
 0.18661090912265 
 0.198428923171549 
 0.185514392355226 
 0.182346677249336 
 0.162853045828471 
 0.160416341900863 
 0.160619400561497 
 0.153025006653786 
 0.143359414407607 
 0.123053548344207 
 0.126586769039238 
 0.120698067880852 
 5.27952517648411E-03 
 5.27952517648411E-03 
 5.27952517648411E-03 
 5.27952517648411E-03 
 5.27952517648411E-03 
 5.27952517648411E-03 
 5.27952517648411E-03 
 5.27952517648411E-03 
 5.27952517648411E-03 
 5.27952517648411E-03 
 5.27952517648411E-03 
 5.27952517648411E-03 
 5.27952517648411E-03 
 5.27952517648411E-03 
 5.27952517648411E-03 
 5.27952517648411E-03 
 5.27952517648411E-03 
 5.27952517648411E-03 
