 5.07646651585011E-03 
 5.07646651585011E-03 
 5.07646651585011E-03 
 5.07646651585011E-03 
 5.07646651585011E-03 
 5.07646651585011E-03 
 5.07646651585011E-03 
 5.07646651585011E-03 
 5.07646651585011E-03 
 5.07646651585011E-03 
 5.07646651585011E-03 
 5.07646651585011E-03 
 1.35237067982247E-02 
 0.047312667927723 
 0.047312667927723 
 0.047312667927723 
 0.047312667927723 
 2.94435057919306E-02 
 2.49762152579825E-02 
 2.49762152579825E-02 
 0.020996265509556 
 5.07646651585011E-03 
 5.07646651585011E-03 
 5.07646651585011E-03 
 5.07646651585011E-03 
 5.07646651585011E-03 
 5.07646651585011E-03 
 0.047312667927723 
 0.047312667927723 
 0.047312667927723 
 0.047312667927723 
 2.19709470805993E-02 
 5.07646651585011E-03 
 5.07646651585011E-03 
 5.07646651585011E-03 
 5.07646651585011E-03 
 5.07646651585011E-03 
 5.07646651585011E-03 
 5.07646651585011E-03 
 1.30363660127031E-02 
 2.49762152579825E-02 
 3.34234555403571E-02 
 6.72124166698554E-02 
 5.12926176761495E-02 
 0.047312667927723 
 0.047312667927723 
 1.35237067982247E-02 
 5.07646651585011E-03 
 5.07646651585011E-03 
 5.07646651585011E-03 
 5.07646651585011E-03 
 5.07646651585011E-03 
 5.07646651585011E-03 
 5.07646651585011E-03 
 5.07646651585011E-03 
 5.07646651585011E-03 
 5.07646651585011E-03 
 5.07646651585011E-03 
 1.70163157611295E-02 
 2.49762152579825E-02 
 2.49762152579825E-02 
 2.49762152579825E-02 
 2.32705225086569E-02 
 5.93743523693828E-02 
 6.98521792580974E-02 
 8.52846374662818E-02 
 8.89396933576938E-02 
 4.66222684815674E-02 
 4.46729053394809E-02 
 0.305846954646937 
 3.97994974842648E-02 
 6.86338272942934E-02 
 7.51317044345815E-02 
 6.87962742228006E-02 
 5.33638160146163E-02 
 7.52941513630888E-02 
 5.07646651585011E-03 
 3.88654276453484E-02 
 0.047312667927723 
 0.047312667927723 
 0.047312667927723 
 3.04181873629738E-02 
 9.05641626427659E-03 
 2.49762152579825E-02 
 2.49762152579825E-02 
 2.49762152579825E-02 
 1.30363660127031E-02 
 5.07646651585011E-03 
 5.07646651585011E-03 
 5.07646651585011E-03 
 5.07646651585011E-03 
 5.07646651585011E-03 
 4.61349276960458E-02 
 7.94365480400225E-02 
 9.13763972853019E-02 
 9.13763972853019E-02 
 9.13763972853019E-02 
 3.32203968797231E-02 
 2.92404471312966E-02 
 2.92404471312966E-02 
 2.92404471312966E-02 
 2.92404471312966E-02 
 2.92404471312966E-02 
 2.92404471312966E-02 
 2.92404471312966E-02 
 2.92404471312966E-02 
 5.07646651585011E-03 
 2.19709470805993E-02 
 0.047312667927723 
 0.047312667927723 
 0.047312667927723 
 0.047312667927723 
 5.07646651585011E-03 
 0.020996265509556 
 2.49762152579825E-02 
 2.49762152579825E-02 
 0.020996265509556 
 5.07646651585011E-03 
 5.07646651585011E-03 
 5.07646651585011E-03 
 5.07646651585011E-03 
 2.19709470805993E-02 
 0.047312667927723 
 0.047312667927723 
 0.047312667927723 
 6.72124166698554E-02 
 2.49762152579825E-02 
 2.49762152579825E-02 
 1.70163157611296E-02 
 5.07646651585011E-03 
 5.07646651585011E-03 
 5.07646651585011E-03 
 5.07646651585011E-03 
 5.07646651585011E-03 
 5.07646651585011E-03 
 5.07646651585011E-03 
 5.07646651585011E-03 
 5.07646651585011E-03 
 5.07646651585011E-03 
 5.07646651585011E-03 
 0.020996265509556 
 2.49762152579825E-02 
 3.34234555403571E-02 
 6.32324669214289E-02 
 0.047312667927723 
 0.047312667927723 
 0.047312667927723 
 1.35237067982247E-02 
 5.07646651585011E-03 
 5.07646651585011E-03 
 5.07646651585011E-03 
 5.07646651585011E-03 
 2.92404471312966E-02 
 3.72003466281496E-02 
 0.049140195873429 
 0.049140195873429 
 0.049140195873429 
 3.56571008073311E-02 
 3.53322069503167E-02 
 2.08338185810488E-02 
 1.11682263348702E-02 
 1.11682263348702E-02 
 1.11682263348702E-02 
 1.11682263348702E-02 
 5.34044277467431E-02 
 5.52319556924491E-02 
 5.64503076562532E-02 
 5.96992462263972E-02 
 5.11707824797691E-02 
 4.22362014118729E-02 
 5.44197210499131E-02 
 5.44197210499131E-02 
 2.96465644525646E-02 
 2.84282124887606E-02 
 2.84282124887606E-02 
 2.84282124887606E-02 
 2.35548046335445E-02 
 1.84783381176944E-02 
 5.94961875657632E-02 
 5.94961875657632E-02 
 6.01053635476652E-02 
 0.325827926853323 
 3.96370505557576E-02 
 0.026722519739435 
 4.11802963765761E-02 
 4.02056148055328E-02 
 4.02056148055328E-02 
 2.82657655602534E-02 
 2.03058660634004E-02 
 2.03058660634004E-02 
 2.03058660634004E-02 
 3.72003466281496E-02 
 6.19328914933713E-02 
 5.94961875657632E-02 
 6.74560870626162E-02 
 7.93959363078956E-02 
 3.71597348960228E-02 
 3.71597348960228E-02 
 2.12399359023168E-02 
 1.72599861538904E-02 
 1.72599861538904E-02 
 5.07646651585011E-03 
 5.07646651585011E-03 
 5.07646651585011E-03 
 5.07646651585011E-03 
 5.07646651585011E-03 
 3.88654276453484E-02 
 0.047312667927723 
 6.32324669214289E-02 
 6.72124166698554E-02 
 5.03179361051062E-02 
 0.108595771707065 
 0.180275478910869 
 5.07646651585011E-03 
 5.07646651585011E-03 
 5.07646651585011E-03 
 5.07646651585011E-03 
 5.07646651585011E-03 
 5.07646651585011E-03 
 1.23865782986743E-02 
 3.51291482896827E-02 
 7.81775843440916E-02 
 7.08674725612675E-02 
 7.88273720581204E-02 
 9.07672213033999E-02 
 5.69782601739016E-02 
 0.048531019891527 
 3.26112208978211E-02 
 2.86312711493946E-02 
 2.86312711493946E-02 
 5.27952517648411E-02 
 5.27952517648411E-02 
 5.27952517648411E-02 
 5.27952517648411E-02 
 5.87651763874808E-02 
 7.28168357033539E-02 
 0.117570964507088 
 0.120170115363204 
 0.101326271656368 
 0.101326271656368 
 0.242736322921889 
 0.143034520550593 
 4.08147907874349E-02 
 2.63164024181669E-02 
 1.66508101719883E-02 
 3.65505589141208E-02 
 3.65505589141208E-02 
 6.76185339911234E-02 
 7.46849753811867E-02 
 5.38105450680111E-02 
 6.51818300635153E-02 
 9.32851486952615E-02 
 0.047312667927723 
 0.047312667927723 
 0.047312667927723 
 3.04181873629738E-02 
 5.07646651585011E-03 
 5.07646651585011E-03 
 0.020996265509556 
 2.49762152579825E-02 
 2.49762152579825E-02 
 0.020996265509556 
 5.07646651585011E-03 
 5.07646651585011E-03 
 2.84688242208874E-02 
 3.02557404344666E-02 
 0.050561606497867 
 4.56881986426509E-02 
 8.95488693395959E-02 
 9.03611039821319E-02 
 0.100107919692564 
 0.113509791294408 
 9.83210034789848E-02 
 6.92430032761954E-02 
 8.18326402355037E-02 
 0.098483450407492 
 2.49762152579825E-02 
 1.70163157611296E-02 
 5.07646651585011E-03 
 5.07646651585011E-03 
 5.07646651585011E-03 
 5.07646651585011E-03 
 1.35237067982247E-02 
 0.047312667927723 
 0.047312667927723 
 0.047312667927723 
 0.047312667927723 
 2.94435057919306E-02 
