 1.11682263348702E-02 
 1.11682263348702E-02 
 1.11682263348702E-02 
 1.11682263348702E-02 
 1.11682263348702E-02 
 1.11682263348702E-02 
 1.11682263348702E-02 
 1.11682263348702E-02 
 1.11682263348702E-02 
 1.11682263348702E-02 
 4.13833550372101E-02 
 0.048937137212795 
 0.048937137212795 
 0.048937137212795 
 3.38295728616251E-02 
 1.11682263348702E-02 
 1.11682263348702E-02 
 1.11682263348702E-02 
 1.11682263348702E-02 
 1.11682263348702E-02 
 1.11682263348702E-02 
 1.11682263348702E-02 
 1.11682263348702E-02 
 1.11682263348702E-02 
 3.38295728616251E-02 
 0.048937137212795 
 0.048937137212795 
 0.048937137212795 
 4.13833550372101E-02 
 1.11682263348702E-02 
 1.11682263348702E-02 
 1.11682263348702E-02 
 1.11682263348702E-02 
 1.11682263348702E-02 
 1.11682263348702E-02 
 1.11682263348702E-02 
 1.11682263348702E-02 
 1.11682263348702E-02 
 3.38295728616251E-02 
 0.048937137212795 
 0.048937137212795 
 0.048937137212795 
 4.13833550372101E-02 
 1.11682263348702E-02 
 1.11682263348702E-02 
 1.11682263348702E-02 
 1.11682263348702E-02 
 1.11682263348702E-02 
 1.11682263348702E-02 
 1.11682263348702E-02 
 1.11682263348702E-02 
 1.11682263348702E-02 
 1.11682263348702E-02 
 1.11682263348702E-02 
 4.13833550372101E-02 
 0.048937137212795 
 0.048937137212795 
 0.048937137212795 
 3.38295728616251E-02 
 1.11682263348702E-02 
 1.11682263348702E-02 
 1.11682263348702E-02 
 1.11682263348702E-02 
 1.11682263348702E-02 
 1.11682263348702E-02 
 1.11682263348702E-02 
 1.11682263348702E-02 
 1.11682263348702E-02 
 0.048937137212795 
 0.048937137212795 
 0.048937137212795 
 0.048937137212795 
 2.62757906860401E-02 
 1.11682263348702E-02 
 1.11682263348702E-02 
 1.11682263348702E-02 
 1.11682263348702E-02 
 1.11682263348702E-02 
 5.11707824797691E-02 
 6.82277099730254E-02 
 0.552400780388745 
 0.936100425522759 
 0.932039252310079 
 0.957015467568062 
 0.740554935332213 
 0.407335673231812 
 0.169269699504506 
 0.148435880923457 
 0.177188987269232 
 0.113469179562282 
 8.16295815748697E-02 
 8.00051122897977E-02 
 7.02582965793655E-02 
 0.134384221607584 
 0.203383554491019 
 4.50790226607489E-02 
 4.50790226607489E-02 
 4.50790226607489E-02 
 0.494244779983166 
 0.606536219313771 
 0.74453488508064 
 0.675535552197205 
 0.172478026342523 
 8.28479335386737E-02 
 8.28479335386737E-02 
 8.28479335386737E-02 
 8.28479335386737E-02 
 4.50790226607489E-02 
 0.400228620109622 
 0.271692487928298 
 0.271692487928298 
 0.271692487928298 
 0.273641851070384 
 0.274941426498442 
 0.787258427278034 
 0.787258427278034 
 0.781166667459014 
 0.756799628182934 
 0.786527416099752 
 0.970254892241399 
 0.978539685595266 
 0.978539685595266 
 0.978539685595266 
 0.860237709909895 
 0.538105450680111 
 0.538105450680111 
 2.57884499005185E-02 
 2.57884499005185E-02 
 2.57884499005185E-02 
 2.57884499005185E-02 
 2.57884499005185E-02 
 2.57884499005185E-02 
 0.370988172978326 
 0.628263496001609 
 0.628263496001609 
 0.628263496001609 
 0.401000243020032 
 2.57884499005185E-02 
 3.79719695385588E-02 
 5.66127545847604E-02 
 3.77689108779248E-02 
 4.72720561955962E-02 
 3.28955030227087E-02 
 3.28955030227087E-02 
 8.87772464291867E-02 
 0.302273122219779 
 0.555974612815904 
 0.588463998517344 
 0.588463998517344 
 1.14992119517037 
 1.14236741299478 
 1.13627565317576 
 0.518611819259247 
 0.518611819259247 
 0.518611819259247 
 0.518611819259247 
 0.518611819259247 
 0.315634382089496 
 1.11682263348702E-02 
 1.11682263348702E-02 
 1.11682263348702E-02 
 1.11682263348702E-02 
 1.11682263348702E-02 
 1.11682263348702E-02 
 1.11682263348702E-02 
 4.13833550372101E-02 
 0.048937137212795 
 0.048937137212795 
 0.048937137212795 
 3.38295728616251E-02 
 1.11682263348702E-02 
 1.11682263348702E-02 
 1.11682263348702E-02 
 1.11682263348702E-02 
 1.11682263348702E-02 
 1.11682263348702E-02 
 1.11682263348702E-02 
 1.11682263348702E-02 
 1.11682263348702E-02 
 0.048937137212795 
 0.048937137212795 
 0.048937137212795 
 0.048937137212795 
 2.62757906860401E-02 
 1.11682263348702E-02 
 1.11682263348702E-02 
 1.11682263348702E-02 
 1.11682263348702E-02 
 1.11682263348702E-02 
 1.11682263348702E-02 
 1.11682263348702E-02 
 1.11682263348702E-02 
 4.13833550372101E-02 
 0.048937137212795 
 0.048937137212795 
 0.048937137212795 
 3.38295728616251E-02 
 1.11682263348702E-02 
 1.11682263348702E-02 
 1.11682263348702E-02 
 1.11682263348702E-02 
 1.11682263348702E-02 
 1.11682263348702E-02 
 1.11682263348702E-02 
 0.628832060251384 
 4.32514947150429E-02 
 3.61444415928527E-02 
 6.63595702951926E-02 
 7.42382463277919E-02 
 7.22888831857055E-02 
 7.22888831857055E-02 
 6.42883719567257E-02 
 4.16270254299709E-02 
 4.16270254299709E-02 
 4.16270254299709E-02 
 4.16270254299709E-02 
 4.16270254299709E-02 
 4.16270254299709E-02 
 6.57503943132906E-02 
 0.178041833643895 
 0.603084222082993 
 0.625745568609748 
 0.640203345246888 
 0.526937224345241 
 8.26448748780397E-02 
 6.73748635983626E-02 
 0.143278190943353 
 3.28955030227087E-02 
 3.28955030227087E-02 
 3.28955030227087E-02 
 3.38701845937519E-02 
 0.249640317383445 
 2.58290616326453E-02 
 1.27926956199423E-02 
 1.27926956199423E-02 
 1.98997487421324E-02 
 1.98997487421324E-02 
 1.98997487421324E-02 
 1.98997487421324E-02 
 4.25610952688873E-02 
 5.89682350481148E-02 
 6.09175981902013E-02 
 0.514428810850186 
 0.636548289355476 
 0.601987705315569 
 0.582981414680226 
 0.133815657357809 
 2.96465644525646E-02 
 4.50790226607489E-02 
 6.23390088146393E-02 
 0.281033186317462 
 0.617907504309275 
 0.634558314481263 
 0.661971233666854 
 0.443073997503397 
 0.688531306477781 
 0.741692063831764 
 0.601662811458554 
 0.611409627168987 
 0.047515726588357 
 1.11682263348702E-02 
 1.11682263348702E-02 
 1.11682263348702E-02 
 1.11682263348702E-02 
 1.11682263348702E-02 
 1.11682263348702E-02 
 1.11682263348702E-02 
 1.11682263348702E-02 
 1.11682263348702E-02 
 3.38295728616251E-02 
 0.048937137212795 
 0.048937137212795 
 0.048937137212795 
 4.13833550372101E-02 
 1.11682263348702E-02 
 1.11682263348702E-02 
 1.11682263348702E-02 
 1.11682263348702E-02 
 1.11682263348702E-02 
 1.11682263348702E-02 
 1.11682263348702E-02 
 1.11682263348702E-02 
 1.11682263348702E-02 
 3.38295728616251E-02 
 0.048937137212795 
 0.048937137212795 
 0.048937137212795 
 4.13833550372101E-02 
