 1.13712849955042E-02 
 1.13712849955042E-02 
 1.13712849955042E-02 
 1.13712849955042E-02 
 1.13712849955042E-02 
 1.13712849955042E-02 
 1.13712849955042E-02 
 1.13712849955042E-02 
 1.13712849955042E-02 
 1.13712849955042E-02 
 1.13712849955042E-02 
 1.13712849955042E-02 
 1.13712849955042E-02 
 1.13712849955042E-02 
 1.13712849955042E-02 
 1.13712849955042E-02 
 1.13712849955042E-02 
 5.27952517648411E-02 
 5.27952517648411E-02 
 5.27952517648411E-02 
 5.27952517648411E-02 
 0.027940871703239 
 1.13712849955042E-02 
 1.13712849955042E-02 
 1.13712849955042E-02 
 1.13712849955042E-02 
 1.13712849955042E-02 
 1.13712849955042E-02 
 1.13712849955042E-02 
 1.13712849955042E-02 
 0.027940871703239 
 5.27952517648411E-02 
 5.27952517648411E-02 
 5.27952517648411E-02 
 5.27952517648411E-02 
 1.13712849955042E-02 
 1.13712849955042E-02 
 1.13712849955042E-02 
 1.13712849955042E-02 
 1.13712849955042E-02 
 1.13712849955042E-02 
 1.13712849955042E-02 
 1.13712849955042E-02 
 1.13712849955042E-02 
 1.13712849955042E-02 
 1.13712849955042E-02 
 1.13712849955042E-02 
 1.13712849955042E-02 
 1.13712849955042E-02 
 1.96560783493716E-02 
 5.27952517648411E-02 
 5.27952517648411E-02 
 5.27952517648411E-02 
 5.27952517648411E-02 
 1.96560783493716E-02 
 1.13712849955042E-02 
 1.13712849955042E-02 
 1.13712849955042E-02 
 1.13712849955042E-02 
 1.13712849955042E-02 
 1.13712849955042E-02 
 1.13712849955042E-02 
 1.13712849955042E-02 
 1.13712849955042E-02 
 1.13712849955042E-02 
 1.13712849955042E-02 
 3.62256650571063E-02 
 5.27952517648411E-02 
 5.27952517648411E-02 
 5.27952517648411E-02 
 4.45104584109737E-02 
 1.13712849955042E-02 
 1.13712849955042E-02 
 1.13712849955042E-02 
 1.13712849955042E-02 
 1.13712849955042E-02 
 1.13712849955042E-02 
 1.13712849955042E-02 
 1.13712849955042E-02 
 1.13712849955042E-02 
 1.13712849955042E-02 
 1.13712849955042E-02 
 1.13712849955042E-02 
 4.45104584109737E-02 
 5.27952517648411E-02 
 5.27952517648411E-02 
 5.27952517648411E-02 
 3.62256650571063E-02 
 1.13712849955042E-02 
 1.13712849955042E-02 
 1.13712849955042E-02 
 1.13712849955042E-02 
 1.13712849955042E-02 
 1.13712849955042E-02 
 1.13712849955042E-02 
 1.13712849955042E-02 
 3.62256650571063E-02 
 5.27952517648411E-02 
 5.27952517648411E-02 
 5.27952517648411E-02 
 4.45104584109737E-02 
 1.13712849955042E-02 
 1.13712849955042E-02 
 1.13712849955042E-02 
 1.13712849955042E-02 
 1.13712849955042E-02 
 1.13712849955042E-02 
 1.13712849955042E-02 
 1.13712849955042E-02 
 1.13712849955042E-02 
 4.45104584109737E-02 
 5.27952517648411E-02 
 5.27952517648411E-02 
 5.27952517648411E-02 
 3.62256650571063E-02 
 1.13712849955042E-02 
 1.13712849955042E-02 
 1.13712849955042E-02 
 1.13712849955042E-02 
 1.13712849955042E-02 
 1.13712849955042E-02 
 1.13712849955042E-02 
 1.13712849955042E-02 
 1.96560783493716E-02 
 5.27952517648411E-02 
 5.27952517648411E-02 
 5.27952517648411E-02 
 5.27952517648411E-02 
 1.96560783493716E-02 
 1.13712849955042E-02 
 1.13712849955042E-02 
 1.13712849955042E-02 
 1.13712849955042E-02 
 1.13712849955042E-02 
 1.13712849955042E-02 
 1.13712849955042E-02 
 1.13712849955042E-02 
 1.13712849955042E-02 
 1.13712849955042E-02 
 1.13712849955042E-02 
 1.13712849955042E-02 
 1.13712849955042E-02 
 5.27952517648411E-02 
 5.27952517648411E-02 
 5.27952517648411E-02 
 5.27952517648411E-02 
 0.027940871703239 
 1.13712849955042E-02 
 1.13712849955042E-02 
 1.13712849955042E-02 
 1.13712849955042E-02 
 1.13712849955042E-02 
 1.13712849955042E-02 
 1.13712849955042E-02 
 1.13712849955042E-02 
 1.13712849955042E-02 
 5.27952517648411E-02 
 5.27952517648411E-02 
 5.27952517648411E-02 
 5.27952517648411E-02 
 0.027940871703239 
 1.13712849955042E-02 
 1.13712849955042E-02 
 1.13712849955042E-02 
 1.13712849955042E-02 
 1.13712849955042E-02 
 1.13712849955042E-02 
 1.13712849955042E-02 
 1.13712849955042E-02 
 1.13712849955042E-02 
 5.27952517648411E-02 
 5.27952517648411E-02 
 5.27952517648411E-02 
 5.27952517648411E-02 
 0.027940871703239 
 1.13712849955042E-02 
 1.13712849955042E-02 
 1.13712849955042E-02 
 1.13712849955042E-02 
 1.13712849955042E-02 
 1.13712849955042E-02 
 1.13712849955042E-02 
 1.13712849955042E-02 
 1.96560783493716E-02 
 5.27952517648411E-02 
 5.27952517648411E-02 
 5.27952517648411E-02 
 0.289927155653231 
 2.22958409376137E-02 
 1.40110475837463E-02 
 1.40110475837463E-02 
 1.40110475837463E-02 
 2.13211593665704E-02 
 3.12304220055098E-02 
 5.13738411404031E-02 
 5.13738411404031E-02 
 4.13021315729565E-02 
 3.44793605756539E-02 
 1.05858540961719 
 8.00863357540513E-02 
 7.79745256834576E-02 
 7.79745256834576E-02 
 4.69471623385818E-02 
 3.91903215023628E-02 
 3.91903215023628E-02 
 4.02462265376596E-02 
 4.18300840906049E-02 
 4.18300840906049E-02 
 4.18300840906049E-02 
 4.18300840906049E-02 
 4.18300840906049E-02 
 4.18300840906049E-02 
 0.119398492452794 
 6.55067239205298E-02 
 5.80747769413252E-02 
 5.80747769413252E-02 
 5.75468244236768E-02 
 5.43791093177863E-02 
 0.027940871703239 
 0.127723897538789 
 1.13712849955042E-02 
 1.13712849955042E-02 
 0.017341209618144 
 4.12209081087029E-02 
 4.27235421973945E-02 
 0.048734078552161 
 0.048734078552161 
 6.53036652598957E-02 
 9.12139503567947E-02 
 9.27978079097399E-02 
 9.27978079097399E-02 
 9.27978079097399E-02 
 5.13738411404031E-02 
 5.13738411404031E-02 
 5.62472489956192E-02 
 8.27260983422933E-02 
 0.102625847084426 
 0.112697556651872 
 0.112697556651872 
 0.108189654385797 
 8.60156486445642E-02 
 0.106077844315204 
 0.132231799804864 
 0.144496542907157 
 0.143968590389509 
 0.135683797035642 
 0.102544623620172 
 0.102544623620172 
 0.109529841545982 
 0.118992375131526 
 0.109611065010235 
 8.50409670735209E-02 
 8.19544754318841E-02 
 7.65125033268928E-02 
 7.48474223096939E-02 
 9.40161598735439E-02 
 0.104087869440991 
 0.11919543379216 
 0.163624668738881 
 0.173736990038454 
 0.168335629665589 
 0.177919998447514 
 0.153512347439307 
 0.134830950660979 
 1.13712849955042E-02 
 1.13712849955042E-02 
 1.13712849955042E-02 
 1.13712849955042E-02 
 1.13712849955042E-02 
 1.13712849955042E-02 
 1.13712849955042E-02 
 1.13712849955042E-02 
 0.027940871703239 
 5.27952517648411E-02 
 5.27952517648411E-02 
 5.27952517648411E-02 
 5.27952517648411E-02 
 1.13712849955042E-02 
 1.13712849955042E-02 
 1.13712849955042E-02 
 1.13712849955042E-02 
 1.13712849955042E-02 
 1.13712849955042E-02 
 1.13712849955042E-02 
 1.13712849955042E-02 
 1.13712849955042E-02 
 1.13712849955042E-02 
 1.13712849955042E-02 
