 1.38079889231123E-02 
 2.03058660634004E-02 
 2.03058660634004E-02 
 2.43670392760805E-02 
 2.51792739186165E-02 
 2.46919331330949E-02 
 9.7468157104322E-03 
 9.7468157104322E-03 
 9.7468157104322E-03 
 9.7468157104322E-03 
 9.7468157104322E-03 
 4.23986483403801E-02 
 7.02176848472386E-02 
 7.51317044345815E-02 
 7.51317044345815E-02 
 5.38917685322647E-02 
 9.7468157104322E-03 
 9.7468157104322E-03 
 9.7468157104322E-03 
 4.06117321268008E-02 
 4.06117321268008E-02 
 3.44387488435271E-02 
 9.7468157104322E-03 
 9.7468157104322E-03 
 9.7468157104322E-03 
 9.7468157104322E-03 
 2.60727320254061E-02 
 6.53036652598957E-02 
 7.51317044345815E-02 
 7.51317044345815E-02 
 7.51317044345815E-02 
 9.7468157104322E-03 
 9.7468157104322E-03 
 9.7468157104322E-03 
 9.7468157104322E-03 
 1.59197989937059E-02 
 4.06117321268008E-02 
 4.06117321268008E-02 
 2.82657655602534E-02 
 9.7468157104322E-03 
 9.7468157104322E-03 
 4.23986483403801E-02 
 0.050561606497867 
 0.050561606497867 
 0.050561606497867 
 3.42356901828931E-02 
 9.7468157104322E-03 
 9.7468157104322E-03 
 2.94028940598038E-02 
 3.43169136471467E-02 
 3.43169136471467E-02 
 2.94028940598038E-02 
 9.7468157104322E-03 
 3.44387488435271E-02 
 4.06117321268008E-02 
 4.06117321268008E-02 
 9.7468157104322E-03 
 0.050561606497867 
 0.050561606497867 
 0.050561606497867 
 0.050561606497867 
 2.60727320254061E-02 
 9.7468157104322E-03 
 9.7468157104322E-03 
 3.43169136471467E-02 
 3.43169136471467E-02 
 3.43169136471467E-02 
 2.44888744724609E-02 
 9.7468157104322E-03 
 2.20927822769797E-02 
 4.06117321268008E-02 
 4.06117321268008E-02 
 2.20927822769797E-02 
 9.7468157104322E-03 
 9.7468157104322E-03 
 9.7468157104322E-03 
 9.7468157104322E-03 
 0.047312667927723 
 7.51317044345815E-02 
 7.51317044345815E-02 
 7.51317044345815E-02 
 4.40637293575789E-02 
 9.7468157104322E-03 
 2.20927822769797E-02 
 4.22362014118729E-02 
 5.44197210499131E-02 
 5.53944026209564E-02 
 5.19830171223051E-02 
 0.046297374624553 
 3.41138549865127E-02 
 2.43670392760805E-02 
 2.32299107765301E-02 
 4.48353522679881E-02 
 0.049749371855331 
 0.205698423222246 
 0.122809877951446 
 5.78311065485644E-02 
 6.59940647060514E-02 
 6.59940647060514E-02 
 6.59940647060514E-02 
 4.96681483910774E-02 
 2.51792739186165E-02 
 2.51792739186165E-02 
 3.62256650571063E-02 
 5.27952517648411E-02 
 5.27952517648411E-02 
 3.42763019150199E-02 
 2.19303353484725E-02 
 2.19303353484725E-02 
 3.00932935059594E-02 
 6.27451261359073E-02 
 6.50193831350081E-02 
 6.55879473847834E-02 
 6.55879473847834E-02 
 3.35859024688643E-02 
 3.28955030227087E-02 
 4.02056148055328E-02 
 4.02056148055328E-02 
 4.02056148055328E-02 
 4.02056148055328E-02 
 4.76781735168642E-02 
 6.38010311712041E-02 
 8.34571095205757E-02 
 6.49381596707545E-02 
 5.25921931042071E-02 
 3.72815700924032E-02 
 5.55974612815904E-02 
 0.050561606497867 
 0.050561606497867 
 0.050561606497867 
 0.104047257708864 
 0.165695867077347 
 9.7468157104322E-03 
 9.7468157104322E-03 
 2.94028940598038E-02 
 5.28358634969679E-02 
 6.51818300635154E-02 
 6.02678104761725E-02 
 1.59197989937059E-02 
 9.7468157104322E-03 
 9.7468157104322E-03 
 9.7468157104322E-03 
 9.7468157104322E-03 
 9.7468157104322E-03 
 9.7468157104322E-03 
 1.79097738679192E-02 
 7.02176848472386E-02 
 7.51317044345815E-02 
 7.51317044345815E-02 
 7.02176848472386E-02 
 2.40827571511929E-02 
 4.06117321268008E-02 
 4.06117321268008E-02 
 2.82657655602534E-02 
 9.7468157104322E-03 
 9.7468157104322E-03 
 9.7468157104322E-03 
 9.7468157104322E-03 
 9.7468157104322E-03 
 9.7468157104322E-03 
 9.7468157104322E-03 
 9.7468157104322E-03 
 9.7468157104322E-03 
 9.7468157104322E-03 
 9.7468157104322E-03 
 9.7468157104322E-03 
 4.23986483403801E-02 
 0.050561606497867 
 0.050561606497867 
 9.61685816762644E-02 
 8.96707045359763E-02 
 5.90088467802416E-02 
 3.43169136471467E-02 
 9.7468157104322E-03 
 9.7468157104322E-03 
 9.7468157104322E-03 
 9.7468157104322E-03 
 9.7468157104322E-03 
 9.7468157104322E-03 
 9.7468157104322E-03 
 2.60727320254061E-02 
 0.050561606497867 
 0.050561606497867 
 0.050561606497867 
 0.050561606497867 
 2.94028940598038E-02 
 3.43169136471467E-02 
 3.43169136471467E-02 
 2.94028940598038E-02 
 9.7468157104322E-03 
 9.7468157104322E-03 
 9.7468157104322E-03 
 9.7468157104322E-03 
 9.7468157104322E-03 
 2.60727320254061E-02 
 0.050561606497867 
 9.40973833377975E-02 
 8.33758860563221E-02 
 9.62091934083912E-02 
 6.51006065992617E-02 
 4.04086734661668E-02 
 4.04086734661668E-02 
 2.07525951167952E-02 
 1.58385755294523E-02 
 1.58385755294523E-02 
 2.13211593665704E-02 
 1.58385755294523E-02 
 0.098686509068126 
 0.183971146534408 
 2.60727320254061E-02 
 6.55879473847834E-02 
 6.55879473847834E-02 
 6.07145395295673E-02 
 6.90805563476882E-02 
 5.69376484417748E-02 
 4.06117321268008E-02 
 1.59197989937059E-02 
 9.7468157104322E-03 
 1.70569274932564E-02 
 2.42045923475733E-02 
 2.47731565973485E-02 
 1.25896369593083E-02 
 1.25896369593083E-02 
 1.25896369593083E-02 
 1.25896369593083E-02 
 1.75036565466512E-02 
 3.71597348960228E-02 
 5.34856512109967E-02 
 7.79745256834576E-02 
 6.32324669214289E-02 
 5.34044277467431E-02 
 5.34044277467431E-02 
 3.72815700924032E-02 
 5.89682350481148E-02 
 8.20356988961377E-02 
 1.90875140995964E-02 
 1.90875140995964E-02 
 3.55352656109507E-02 
 0.046500433285187 
 0.046500433285187 
 5.13738411404031E-02 
 0.046500433285187 
 0.046500433285187 
 0.048124902570259 
 7.09486960255211E-02 
 0.106321514707965 
 0.142831461889959 
 0.149573009423007 
 0.146405294317117 
 0.114443861133325 
 4.38606706969449E-02 
 0.270880253285762 
 0.049546313194697 
 0.049952430515965 
 5.72625422987892E-02 
 0.302557404344666 
 0.108717606903446 
 6.03084222082992E-02 
 5.48258383711811E-02 
 3.93933801629968E-02 
 5.13332294082763E-02 
 0.134018716018443 
 0.218694177502822 
 0.079314712843642 
 7.49286457739475E-02 
 7.49286457739475E-02 
 7.63906681305124E-02 
 0.100107919692564 
 0.100107919692564 
 7.44413049884259E-02 
 2.60727320254061E-02 
 0.050561606497867 
 7.51317044345815E-02 
 7.51317044345815E-02 
 7.51317044345815E-02 
 2.44888744724609E-02 
 9.7468157104322E-03 
 9.7468157104322E-03 
 9.7468157104322E-03 
 9.7468157104322E-03 
 9.7468157104322E-03 
 9.7468157104322E-03 
 1.59197989937059E-02 
 4.06117321268008E-02 
 4.06117321268008E-02 
 2.82657655602534E-02 
 2.60727320254061E-02 
 0.050561606497867 
