 8.32540508599417E-03 
 8.32540508599417E-03 
 1.44577766371411E-02 
 3.89872628417288E-02 
 3.89872628417288E-02 
 3.89872628417288E-02 
 3.28548912905819E-02 
 8.32540508599417E-03 
 8.32540508599417E-03 
 8.32540508599417E-03 
 8.32540508599417E-03 
 8.32540508599417E-03 
 8.32540508599417E-03 
 8.32540508599417E-03 
 8.32540508599417E-03 
 8.32540508599417E-03 
 2.08744303131756E-02 
 2.92404471312966E-02 
 6.45320423494865E-02 
 0.102138506298904 
 8.12234642536017E-02 
 8.12234642536017E-02 
 6.28263496001609E-02 
 8.32540508599417E-03 
 8.32540508599417E-03 
 8.32540508599417E-03 
 8.32540508599417E-03 
 8.32540508599417E-03 
 1.25084134950547E-02 
 2.92404471312966E-02 
 2.92404471312966E-02 
 2.92404471312966E-02 
 1.66914219041151E-02 
 8.32540508599417E-03 
 8.32540508599417E-03 
 8.32540508599417E-03 
 8.32540508599417E-03 
 4.21143662154925E-02 
 8.12234642536017E-02 
 8.12234642536017E-02 
 8.12234642536017E-02 
 6.43289836888525E-02 
 8.32540508599417E-03 
 8.32540508599417E-03 
 1.66914219041151E-02 
 2.92404471312966E-02 
 2.92404471312966E-02 
 2.92404471312966E-02 
 1.25084134950547E-02 
 8.32540508599417E-03 
 8.32540508599417E-03 
 8.32540508599417E-03 
 8.32540508599417E-03 
 4.21143662154925E-02 
 0.050561606497867 
 8.12234642536017E-02 
 8.12234642536017E-02 
 6.43289836888525E-02 
 3.89872628417288E-02 
 8.32540508599417E-03 
 8.32540508599417E-03 
 8.32540508599417E-03 
 8.32540508599417E-03 
 8.32540508599417E-03 
 8.32540508599417E-03 
 8.32540508599417E-03 
 2.08744303131756E-02 
 0.079111654183008 
 0.102138506298904 
 0.102138506298904 
 8.12234642536017E-02 
 4.82467377666394E-02 
 8.32540508599417E-03 
 8.32540508599417E-03 
 9.21886319278379E-03 
 1.05590503529682E-02 
 1.54324582081843E-02 
 3.12304220055098E-02 
 3.95964388236308E-02 
 3.95964388236308E-02 
 6.41259250282185E-02 
 4.44698466788469E-02 
 5.77904948164376E-02 
 8.26448748780397E-02 
 0.133653210429302 
 0.134830950660979 
 0.123459665665475 
 0.114525084597578 
 7.86243133974864E-02 
 5.01961009087258E-02 
 5.78717182806912E-02 
 5.78717182806912E-02 
 5.78717182806912E-02 
 7.87867603259936E-02 
 5.84808942625932E-02 
 5.84808942625932E-02 
 8.06955117359533E-02 
 0.114200190740564 
 0.110463911384898 
 0.112738168383999 
 9.49096179803336E-02 
 6.57503943132906E-02 
 4.04086734661668E-02 
 4.04086734661668E-02 
 4.04086734661668E-02 
 0.050155489176599 
 5.25921931042071E-02 
 5.25921931042071E-02 
 5.25921931042071E-02 
 5.25921931042071E-02 
 4.52820813213829E-02 
 0.209678372970673 
 0.050561606497867 
 6.89587211513078E-02 
 8.12234642536017E-02 
 8.12234642536017E-02 
 4.74345031241034E-02 
 0.020590148188288 
 8.32540508599417E-03 
 8.32540508599417E-03 
 8.32540508599417E-03 
 8.32540508599417E-03 
 8.32540508599417E-03 
 8.32540508599417E-03 
 8.32540508599417E-03 
 1.44577766371411E-02 
 3.89872628417288E-02 
 3.89872628417288E-02 
 3.89872628417288E-02 
 7.50910927024548E-02 
 0.050561606497867 
 7.14766485431695E-02 
 7.14766485431695E-02 
 4.61349276960457E-02 
 2.08744303131756E-02 
 8.32540508599417E-03 
 8.32540508599417E-03 
 8.32540508599417E-03 
 0.020590148188288 
 3.89872628417288E-02 
 3.89872628417288E-02 
 4.31702712507893E-02 
 0.15842636702665 
 5.84808942625932E-02 
 7.06644139006335E-02 
 9.08484447676535E-02 
 0.11513426057948 
 0.11513426057948 
 0.11513426057948 
 0.105387444869048 
 6.29481847965413E-02 
 6.29481847965413E-02 
 6.29481847965413E-02 
 6.78215926517574E-02 
 7.10705312219015E-02 
 7.59439390771176E-02 
 0.101651165513383 
 0.1110730873668 
 0.130363660127031 
 0.123865782986743 
 0.105468668333302 
 0.12707410982476 
 0.114525084597578 
 0.114525084597578 
 0.134546668536091 
 8.69497184834806E-02 
 7.22888831857055E-02 
 0.101204436459988 
 0.123662724326109 
 0.123662724326109 
 9.32039252310079E-02 
 0.125936981325209 
 0.132881587518892 
 0.127683285806662 
 0.115540377900748 
 9.88083442645064E-02 
 0.094625335855446 
 7.00958496508582E-02 
 0.106199679511584 
 0.106199679511584 
 0.105306221404795 
 0.10396603424461 
 7.86243133974864E-02 
 6.17298328327373E-02 
 6.17298328327373E-02 
 8.26448748780397E-02 
 7.28980591676075E-02 
 7.04613552399995E-02 
 9.27571961776131E-02 
 8.02081709504317E-02 
 7.20858245250715E-02 
 5.15362880689103E-02 
 2.52198856507433E-02 
 0.067293640134109 
 7.14766485431695E-02 
 0.158588813955157 
 0.569782601739016 
 0.527546400327143 
 0.527546400327143 
 3.34234555403571E-02 
 0.050155489176599 
 0.050155489176599 
 5.10489472833887E-02 
 3.56571008073311E-02 
 5.60035786028584E-02 
 6.21359501540053E-02 
 0.104372151565878 
 0.349017225897726 
 0.326193432442464 
 7.65531150590196E-02 
 5.12113942118959E-02 
 4.56069751783973E-02 
 6.25420674752733E-02 
 6.25420674752733E-02 
 6.25420674752733E-02 
 4.99930422480918E-02 
 6.25420674752733E-02 
 0.078299419540472 
 0.621034607683038 
 0.639431722336479 
 0.637726029587154 
 0.225395113303745 
 0.148679551316218 
 0.131175894769567 
 0.126992886360506 
 0.1110730873668 
 8.49191318771406E-02 
 6.80246513123914E-02 
 6.80246513123914E-02 
 6.80246513123914E-02 
 6.80246513123914E-02 
 9.25541375169791E-02 
 0.110870028706166 
 0.110870028706166 
 0.110870028706166 
 0.103072576137821 
 7.34666234173827E-02 
 7.35072351495095E-02 
 2.50574387222361E-02 
 8.32540508599417E-03 
 8.32540508599417E-03 
 8.32540508599417E-03 
 2.52198856507433E-02 
 0.050561606497867 
 6.28263496001609E-02 
 8.12234642536017E-02 
 8.12234642536017E-02 
 3.89872628417288E-02 
 0.026722519739435 
 8.32540508599417E-03 
 8.32540508599417E-03 
 8.32540508599417E-03 
 8.32540508599417E-03 
 2.08744303131756E-02 
 2.92404471312966E-02 
 2.92404471312966E-02 
 2.92404471312966E-02 
 8.32540508599417E-03 
 8.32540508599417E-03 
 0.050561606497867 
 0.050561606497867 
 0.050561606497867 
 8.26448748780397E-02 
 6.14861624399765E-02 
 8.32540508599417E-03 
 3.89872628417288E-02 
 3.89872628417288E-02 
 3.89872628417288E-02 
 3.89872628417288E-02 
 8.32540508599417E-03 
 8.32540508599417E-03 
 2.08744303131756E-02 
 2.92404471312966E-02 
 2.92404471312966E-02 
 2.92404471312966E-02 
 8.32540508599417E-03 
 8.32540508599417E-03 
 8.32540508599417E-03 
 8.32540508599417E-03 
 3.13522572018903E-02 
 8.12234642536017E-02 
 8.12234642536017E-02 
 8.12234642536017E-02 
 7.50910927024548E-02 
 8.32540508599417E-03 
 8.32540508599417E-03 
 8.32540508599417E-03 
 8.32540508599417E-03 
