 1.09651676742362E-02 
 1.09651676742362E-02 
 1.09651676742362E-02 
 1.09651676742362E-02 
 1.09651676742362E-02 
 1.09651676742362E-02 
 1.09651676742362E-02 
 1.09651676742362E-02 
 1.09651676742362E-02 
 1.09651676742362E-02 
 1.09651676742362E-02 
 1.09651676742362E-02 
 1.09651676742362E-02 
 1.09651676742362E-02 
 1.09651676742362E-02 
 1.09651676742362E-02 
 1.09651676742362E-02 
 1.09651676742362E-02 
 1.09651676742362E-02 
 1.09651676742362E-02 
 1.09651676742362E-02 
 1.09651676742362E-02 
 1.09651676742362E-02 
 1.09651676742362E-02 
 1.09651676742362E-02 
 1.09651676742362E-02 
 1.09651676742362E-02 
 1.09651676742362E-02 
 1.09651676742362E-02 
 1.09651676742362E-02 
 1.09651676742362E-02 
 1.09651676742362E-02 
 1.09651676742362E-02 
 1.09651676742362E-02 
 1.58385755294523E-02 
 2.72098605249566E-02 
 3.45199723077807E-02 
 2.72098605249566E-02 
 1.09651676742362E-02 
 1.09651676742362E-02 
 1.09651676742362E-02 
 1.09651676742362E-02 
 1.09651676742362E-02 
 1.09651676742362E-02 
 1.09651676742362E-02 
 1.09651676742362E-02 
 1.09651676742362E-02 
 1.09651676742362E-02 
 1.09651676742362E-02 
 1.09651676742362E-02 
 1.09651676742362E-02 
 1.09651676742362E-02 
 1.09651676742362E-02 
 1.09651676742362E-02 
 1.09651676742362E-02 
 1.09651676742362E-02 
 1.09651676742362E-02 
 1.09651676742362E-02 
 1.09651676742362E-02 
 1.09651676742362E-02 
 1.09651676742362E-02 
 1.09651676742362E-02 
 1.09651676742362E-02 
 1.09651676742362E-02 
 1.09651676742362E-02 
 1.09651676742362E-02 
 1.09651676742362E-02 
 1.09651676742362E-02 
 1.09651676742362E-02 
 1.09651676742362E-02 
 1.09651676742362E-02 
 1.09651676742362E-02 
 1.09651676742362E-02 
 1.09651676742362E-02 
 1.09651676742362E-02 
 1.09651676742362E-02 
 1.09651676742362E-02 
 1.09651676742362E-02 
 1.17774023167722E-02 
 0.106727632029233 
 0.190306576746189 
 2.15242180272044E-02 
 3.12710337376366E-02 
 3.12710337376366E-02 
 0.113956520347803 
 0.077487184897936 
 4.26423187331409E-02 
 6.22983970825125E-02 
 1.09651676742362E-02 
 1.09651676742362E-02 
 1.09651676742362E-02 
 1.09651676742362E-02 
 1.09651676742362E-02 
 1.09651676742362E-02 
 1.09651676742362E-02 
 1.09651676742362E-02 
 1.09651676742362E-02 
 1.09651676742362E-02 
 1.09651676742362E-02 
 1.09651676742362E-02 
 1.09651676742362E-02 
 1.09651676742362E-02 
 1.09651676742362E-02 
 1.09651676742362E-02 
 1.09651676742362E-02 
 1.09651676742362E-02 
 1.09651676742362E-02 
 1.09651676742362E-02 
 1.09651676742362E-02 
 1.09651676742362E-02 
 1.09651676742362E-02 
 1.09651676742362E-02 
 1.09651676742362E-02 
 1.09651676742362E-02 
 1.09651676742362E-02 
 1.09651676742362E-02 
 1.09651676742362E-02 
 1.09651676742362E-02 
 1.09651676742362E-02 
 1.09651676742362E-02 
 5.15362880689103E-02 
 8.06955117359533E-02 
 3.69566762353888E-02 
 3.69566762353888E-02 
 3.69566762353888E-02 
 3.69566762353888E-02 
 3.69566762353888E-02 
 3.69566762353888E-02 
 3.69566762353888E-02 
 3.69566762353888E-02 
 3.69566762353888E-02 
 3.69566762353888E-02 
 0.038540533788334 
 3.95964388236308E-02 
 3.95964388236308E-02 
 3.95964388236308E-02 
 3.95964388236308E-02 
 3.95964388236308E-02 
 1.09651676742362E-02 
 1.09651676742362E-02 
 1.09651676742362E-02 
 1.09651676742362E-02 
 1.09651676742362E-02 
 1.09651676742362E-02 
 1.09651676742362E-02 
 1.09651676742362E-02 
 1.09651676742362E-02 
 1.09651676742362E-02 
 1.09651676742362E-02 
 1.09651676742362E-02 
 1.09651676742362E-02 
 1.09651676742362E-02 
 1.09651676742362E-02 
 1.09651676742362E-02 
 1.09651676742362E-02 
 1.09651676742362E-02 
 1.09651676742362E-02 
 1.09651676742362E-02 
 1.09651676742362E-02 
 1.09651676742362E-02 
 1.09651676742362E-02 
 1.09651676742362E-02 
 1.09651676742362E-02 
 1.09651676742362E-02 
 1.09651676742362E-02 
 1.09651676742362E-02 
 1.09651676742362E-02 
 1.09651676742362E-02 
 1.09651676742362E-02 
 1.09651676742362E-02 
 1.09651676742362E-02 
 1.09651676742362E-02 
 1.09651676742362E-02 
 1.09651676742362E-02 
 1.09651676742362E-02 
 1.09651676742362E-02 
 1.09651676742362E-02 
 1.09651676742362E-02 
 1.09651676742362E-02 
 1.09651676742362E-02 
 1.09651676742362E-02 
 1.09651676742362E-02 
 1.09651676742362E-02 
 1.09651676742362E-02 
 1.09651676742362E-02 
 1.09651676742362E-02 
 1.09651676742362E-02 
 1.09651676742362E-02 
 1.09651676742362E-02 
 1.09651676742362E-02 
 1.09651676742362E-02 
 1.09651676742362E-02 
 3.95964388236308E-02 
 3.95964388236308E-02 
 4.08554025195617E-02 
 0.045891257303285 
 0.045891257303285 
 0.045891257303285 
 6.63595702951926E-02 
 0.045891257303285 
 0.045891257303285 
 4.32514947150429E-02 
 4.56881986426509E-02 
 4.32514947150429E-02 
 1.09651676742362E-02 
 1.09651676742362E-02 
 1.09651676742362E-02 
 1.09651676742362E-02 
 1.09651676742362E-02 
 1.09651676742362E-02 
 1.09651676742362E-02 
 1.09651676742362E-02 
 1.09651676742362E-02 
 1.09651676742362E-02 
 1.09651676742362E-02 
 1.09651676742362E-02 
 1.09651676742362E-02 
 1.09651676742362E-02 
 1.09651676742362E-02 
 1.09651676742362E-02 
 1.09651676742362E-02 
 1.09651676742362E-02 
 1.09651676742362E-02 
 1.09651676742362E-02 
 1.09651676742362E-02 
 1.09651676742362E-02 
 1.09651676742362E-02 
 1.09651676742362E-02 
 1.09651676742362E-02 
 1.09651676742362E-02 
 1.09651676742362E-02 
 1.09651676742362E-02 
 1.09651676742362E-02 
 1.09651676742362E-02 
 4.32514947150429E-02 
 4.32514947150429E-02 
 4.32514947150429E-02 
 4.32514947150429E-02 
 4.85716316236538E-02 
 5.38917685322647E-02 
 5.29576986933483E-02 
 5.15768998010371E-02 
 4.18300840906049E-02 
 4.18300840906049E-02 
 4.18300840906049E-02 
 4.18300840906049E-02 
 4.18300840906049E-02 
 4.18300840906049E-02 
 5.20642405865587E-02 
 7.39133524707775E-02 
 8.09391821287141E-02 
 9.03611039821319E-02 
 8.22387575567717E-02 
 7.93959363078956E-02 
 8.42693441631117E-02 
 9.05641626427659E-02 
 9.47065593196996E-02 
 0.105793562190316 
 0.117977081828356 
 0.12021072709533 
 0.127520838878155 
 0.899306196215878 
 0.496762707375028 
 8.88584698934402E-02 
 6.59940647060514E-02 
 6.43695954209793E-02 
 8.32134391278149E-02 
 0.098483450407492 
 0.109245559421094 
 0.370135326603663 
 0.123459665665475 
 0.104006645976737 
 0.110870028706166 
 0.117367905846454 
 0.121022961737866 
 0.292851200366361 
 0.204398847794189 
 0.116230777346904 
 0.116068330418397 
 0.109245559421094 
 0.369729209282395 
 0.120576232684472 
 0.124231288575884 
 0.122241313701671 
 0.124678017629279 
 0.200865627099157 
 1.09651676742362E-02 
 1.09651676742362E-02 
